0.000000  60.511060
2280.959766  352.810250
2282.238426  350.601242
2289.409982  347.761087
2290.178812  335.769326
2291.198471  342.711925
2291.708300  333.244744
2292.226302  340.187343
2292.736131  345.236506
2292.995760  337.662762
2292.995760  336.084899
2292.995760  331.982454
2292.995760  325.355428
2293.245960  334.822608
2293.245960  330.089018
2293.245960  329.773445
2293.245960  329.773445
2293.245960  324.408710
2293.245960  322.199701
2293.755789  342.711925
2294.014790  337.978335
2294.784249  335.138180
2294.784249  332.613599
2295.043250  326.302146
2295.553079  321.252983
2296.321909  319.359547
2296.572737  324.408710
2297.600568  362.908576
2297.851397  365.433157
2297.851397  361.015140
2298.369398  358.806131
2298.620227  330.089018
2298.879228  322.515274
2299.389057  327.564436
2299.389057  321.884128
2299.907687  325.671000
2300.157887  317.150538
2300.667716  325.355428
2300.926717  322.515274
2301.186346  323.146419
2301.436546  355.334832
2301.436546  322.199701
2301.436546  319.990692
2301.696176  330.089018
2302.715206  317.781683
2302.974835  352.810250
2302.974835  317.150538
2303.233836  320.621837
2303.484664  351.232387
2303.484664  335.138180
2303.484664  318.097256
2303.743665  327.880009
2303.743665  318.728401
2304.253494  333.560317
2304.763324  345.236506
2304.763324  340.502916
2304.763324  325.039855
2304.763324  319.990692
2304.763324  315.257102
2304.763324  314.310384
2305.022324  322.830846
2305.281325  317.150538
2305.532154  337.662762
2305.532154  317.781683
2305.532154  314.941529
2305.532154  313.994811
2305.532154  314.625957
2305.532154  312.101375
2305.532154  311.785803
2305.791155  311.470230
2306.050784  348.076660
2307.329443  325.039855
2307.329443  322.515274
2307.579643  314.625957
2307.579643  311.470230
2307.579643  311.785803
2307.579643  309.576794
2307.839273  317.466111
2308.098273  319.990692
2308.608103  314.941529
2309.376933  308.314503
2309.627761  317.466111
2309.627761  315.888247
2309.627761  313.048093
2309.627761  313.994811
2309.627761  312.101375
2309.627761  311.470230
2309.627761  310.207939
2309.627761  307.367785
2309.627761  307.052212
2309.886762  349.338951
2309.886762  346.183224
2309.886762  343.027497
2309.886762  342.080779
2309.886762  330.089018
2309.886762  322.830846
2309.886762  314.941529
2310.145763  338.293907
2310.145763  336.084899
2310.145763  332.613599
2310.396591  327.564436
2310.914593  319.990692
2310.914593  312.416948
2311.165421  325.039855
2311.165421  308.630076
2311.424422  314.941529
2311.675251  317.781683
2311.675251  313.363666
2311.675251  311.785803
2311.675251  309.576794
2311.675251  305.158776
2311.675251  306.105494
2311.675251  304.212058
2311.675251  303.896486
2311.675251  302.003050
2311.934251  307.367785
2312.193881  312.416948
2312.444081  310.523512
2312.703081  309.892367
2313.212911  302.318622
2313.472540  308.314503
2313.472540  306.421067
2313.472540  305.789922
2313.472540  302.003050
2313.722740  309.261221
2313.722740  304.527631
2313.722740  302.003050
2313.722740  299.478468
2313.981741  314.941529
2313.981741  313.363666
2313.981741  309.892367
2313.981741  308.630076
2314.241370  309.892367
2314.241370  303.265340
2314.491570  307.052212
2314.491570  300.109614
2314.751199  299.478468
2315.261029  307.367785
2315.779030  304.843204
2315.779030  302.949768
2315.779030  302.318622
2315.779030  302.003050
2315.779030  299.478468
2315.779030  298.216178
2315.779030  296.953887
2315.779030  296.953887
2315.779030  294.429305
2316.029859  307.367785
2317.057690  304.843204
2317.057690  302.318622
2317.308518  316.834965
2317.567519  302.318622
2317.827148  301.687477
2317.827148  299.794041
2317.827148  299.162896
2317.827148  299.478468
2317.827148  296.638314
2317.827148  294.429305
2317.827148  294.429305
2317.827148  291.904724
2317.827148  291.904724
2318.077348  322.515274
2318.077348  319.990692
2318.077348  317.466111
2318.077348  314.941529
2318.077348  312.416948
2318.077348  305.158776
2318.077348  304.843204
2318.077348  302.318622
2318.336349  313.363666
2318.336349  307.367785
2318.595978  310.523512
2318.595978  300.109614
2318.595978  299.794041
2318.846178  304.212058
2318.846178  299.478468
2319.105808  325.355428
2319.105808  297.585032
2319.356008  308.630076
2319.615637  305.789922
2319.615637  299.162896
2319.874638  302.318622
2319.874638  301.056332
2319.874638  297.900605
2319.874638  297.585032
2319.874638  296.322742
2319.874638  295.376023
2319.874638  294.744878
2319.874638  294.429305
2319.874638  291.904724
2319.874638  289.380143
2319.874638  288.117852
2319.874638  286.855561
2319.874638  285.277698
2320.124838  299.794041
2320.124838  300.425186
2320.124838  300.740759
2320.124838  295.060451
2320.124838  294.744878
2320.384467  305.158776
2320.384467  300.740759
2320.384467  300.109614
2320.384467  293.798160
2320.634667  296.953887
2320.634667  292.220297
2320.894296  297.269460
2320.894296  299.162896
2320.894296  291.904724
2321.153297  300.109614
2321.153297  297.269460
2321.403497  295.376023
2321.663126  295.060451
2321.663126  293.482587
2321.663126  292.535869
2321.663126  292.220297
2321.922127  297.269460
2321.922127  291.904724
2321.922127  291.904724
2321.922127  290.011288
2321.922127  289.380143
2321.922127  286.855561
2321.922127  284.330980
2321.922127  284.330980
2321.922127  281.806398
2321.922127  281.490826
2322.172956  299.794041
2322.172956  297.269460
2322.172956  297.269460
2322.172956  295.060451
2322.172956  292.535869
2322.172956  291.273579
2322.431956  294.744878
2322.431956  293.798160
2322.431956  289.064570
2322.690957  295.376023
2322.941786  292.851442
2322.941786  289.695715
2322.941786  288.433425
2323.200786  294.744878
2323.200786  293.167015
2323.200786  289.380143
2323.200786  278.966244
2323.451615  292.851442
2323.710616  295.060451
2323.710616  290.642433
2323.710616  289.064570
2323.710616  281.490826
2323.710616  276.757236
2323.969617  293.798160
2323.969617  290.326861
2323.969617  291.589151
2323.969617  289.380143
2323.969617  286.855561
2323.969617  286.855561
2323.969617  286.855561
2323.969617  286.855561
2323.969617  284.330980
2323.969617  281.806398
2323.969617  279.281817
2323.969617  276.126090
2323.969617  274.232654
2324.220445  288.748997
2324.220445  286.855561
2324.479446  290.642433
2324.479446  285.593271
2324.739075  290.011288
2325.248905  289.695715
2325.248905  289.064570
2325.248905  281.490826
2325.507905  292.220297
2325.507905  289.064570
2325.507905  281.175253
2325.758105  288.433425
2325.758105  287.486707
2325.758105  286.855561
2325.758105  284.330980
2325.758105  273.601509
2325.758105  266.658910
2326.017735  286.855561
2326.017735  284.330980
2326.017735  283.384262
2326.017735  280.859680
2326.017735  279.281817
2326.017735  279.281817
2326.017735  276.757236
2326.017735  276.757236
2326.017735  271.708073
2326.017735  269.183491
2326.017735  269.183491
2326.017735  264.134329
2326.267934  309.892367
2326.267934  307.367785
2326.267934  304.843204
2326.267934  302.318622
2326.267934  300.425186
2326.267934  298.847323
2326.267934  294.744878
2326.267934  292.535869
2326.267934  290.326861
2326.267934  290.011288
2326.267934  287.802279
2326.267934  288.748997
2326.267934  285.908843
2326.267934  286.855561
2326.267934  283.699835
2326.267934  282.437544
2326.267934  280.859680
2326.267934  281.806398
2326.527564  279.281817
2326.527564  278.966244
2326.786565  285.593271
2326.786565  277.072808
2327.037393  284.015407
2327.037393  273.917082
2327.296394  284.962125
2327.296394  276.757236
2327.296394  271.708073
2327.296394  265.712192
2327.555395  284.015407
2327.806223  284.962125
2327.806223  268.552346
2327.806223  263.503183
2328.065224  283.384262
2328.065224  282.437544
2328.065224  279.281817
2328.065224  276.757236
2328.065224  276.441663
2328.065224  274.232654
2328.065224  274.232654
2328.065224  271.392500
2328.065224  261.609747
2328.316052  295.060451
2328.316052  291.273579
2328.316052  282.121971
2328.316052  282.121971
2328.316052  280.228535
2328.575053  281.806398
2328.575053  274.232654
2328.834054  281.490826
2328.834054  268.867919
2329.084883  292.220297
2329.084883  288.117852
2329.084883  281.490826
2329.343883  279.281817
2329.343883  279.281817
2329.343883  276.126090
2329.343883  276.757236
2329.343883  266.658910
2329.343883  266.658910
2329.343883  261.609747
2329.602884  285.908843
2329.602884  276.757236
2329.602884  273.601509
2329.853713  278.650672
2329.853713  276.126090
2329.853713  264.134329
2330.112713  274.232654
2330.112713  271.708073
2330.112713  271.708073
2330.112713  261.609747
2330.112713  259.085166
2330.112713  258.769593
2330.112713  256.560585
2330.363542  284.646553
2330.363542  282.121971
2330.363542  279.597390
2330.363542  276.757236
2330.363542  273.601509
2330.363542  251.511422
2330.622543  279.281817
2330.622543  271.708073
2331.132372  270.130210
2331.391373  269.183491
2331.651002  261.609747
2331.901202  269.183491
2331.901202  256.560585
2332.411031  284.330980
2332.411031  271.708073
2333.179861  266.658910
2333.439491  266.658910
2333.439491  244.884396
2333.698492  258.769593
2333.949320  264.134329
2333.949320  261.609747
2333.949320  254.036003
2333.949320  248.986840
2334.208321  264.134329
2334.208321  259.085166
2334.208321  256.560585
2334.208321  254.036003
2334.208321  250.880276
2334.467322  284.962125
2334.467322  279.597390
2334.467322  278.966244
2334.467322  275.179372
2334.467322  273.285936
2334.467322  270.445782
2334.467322  270.761355
2334.467322  243.937678
2334.718150  274.232654
2334.718150  269.183491
2334.718150  269.183491
2335.745981  282.121971
2335.745981  265.712192
2335.996809  241.097523
2336.255810  262.556465
2336.255810  259.085166
2336.515440  261.609747
2336.765639  254.036003
2338.562929  251.511422
2338.813129  248.986840
2340.092417  237.626224
2340.610418  256.560585
2341.120248  246.462259
2342.657908  277.072808
2342.657908  274.548227
2342.657908  272.023646
2342.657908  269.499064
2342.657908  269.183491
2342.657908  265.081047
2342.657908  261.925320
2342.657908  261.609747
2342.657908  257.507303
2342.657908  256.560585
2342.657908  254.036003
2342.657908  244.253250
2342.657908  239.204087
2342.908736  243.937678
2342.908736  238.888515
2344.446396  251.511422
2344.956226  248.986840
2352.508111  235.417215
2352.637611  232.103702
2352.896612  234.943856
2353.535942  233.365993
2353.794943  231.156984
2354.555600  230.210266
2355.453931  227.527898
2355.713560  228.947975
2358.141378  225.792249
2358.141378  225.161103
2358.400379  223.898813
2358.529880  222.636522
2358.910209  221.374231
2358.910209  220.111941
2358.910209  218.849650
2359.039709  235.417215
2359.039709  231.630343
2359.039709  230.368053
2359.039709  230.052480
2359.039709  228.790189
2359.039709  226.896753
2359.039709  225.792249
2359.039709  223.898813
2359.039709  222.163163
2359.298710  221.374231
2359.420038  234.312711
2359.679039  233.997138
2359.938039  224.372172
2359.938039  219.165223
2359.938039  217.587359
2360.059367  218.849650
3157.505253  434.228000
10284.546157  367.957739
10284.796986  366.695448
10286.334646  363.855294
10286.593647  361.015140
10286.593647  355.334832
10287.103476  353.441396
10287.872306  358.806131
10288.131936  341.449634
10288.382135  351.863532
10288.382135  345.867651
10288.641765  348.076660
10288.641765  343.658643
10288.641765  338.293907
10288.891965  363.539721
10290.430253  361.330712
10292.226914  343.343070
10292.736744  358.490558
10292.996373  341.134061
10293.506202  355.334832
10294.015403  337.662762
10295.553692  350.601242
10296.322522  335.138180
10296.322522  335.769326
10296.573350  334.822608
10296.573350  331.351308
10296.832351  347.129942
10296.832351  332.929172
10296.832351  331.351308
10297.601181  355.334832
10298.620840  353.125823
10298.879840  327.880009
10299.389670  345.236506
10299.908300  348.076660
10299.908300  322.515274
10300.158500  325.039855
10300.158500  323.777564
10300.158500  320.621837
10300.158500  320.937410
10300.418129  318.412829
10300.668329  343.027497
10300.927958  320.621837
10300.927958  319.675119
10300.927958  316.834965
10301.696789  367.957739
10301.696789  365.748730
10302.715818  317.466111
10303.234449  327.564436
10303.744278  361.961858
10303.744278  340.187343
10303.744278  325.039855
10304.003279  339.556198
10304.254107  336.084899
10304.254107  323.777564
10304.513108  360.068422
10304.772737  332.613599
10304.772737  321.884128
10304.772737  313.994811
10305.022937  332.298026
10305.022937  328.826727
10305.022937  325.039855
10305.022937  322.830846
10305.022937  322.199701
10305.022937  317.781683
10305.022937  316.203820
10305.022937  314.310384
10305.022937  312.101375
10305.022937  312.101375
10305.022937  309.576794
10305.281938  340.187343
10305.281938  332.613599
10305.532767  345.552079
10305.532767  342.711925
10305.532767  337.978335
10305.532767  335.138180
10305.791767  327.564436
10306.051397  357.859413
10306.301597  360.699567
10306.561226  365.433157
10306.561226  330.089018
10307.070427  364.486439
10307.070427  355.965977
10307.070427  313.048093
10307.070427  312.101375
10307.070427  309.576794
10307.330056  325.355428
10307.580256  354.703686
10307.580256  322.515274
10307.580256  322.199701
10308.098886  317.466111
10308.608715  318.412829
10308.608715  314.941529
10308.867716  312.416948
10309.118545  313.048093
10309.118545  311.785803
10309.118545  307.683358
10309.118545  307.052212
10309.377545  317.150538
10309.377545  311.154657
10309.887375  314.941529
10309.887375  310.207939
10310.397204  351.547960
10310.397204  313.048093
10310.915206  347.761087
10310.915206  307.683358
10310.915206  307.998930
10311.166034  307.052212
10311.684664  310.207939
10311.934864  312.416948
10312.703694  309.892367
10312.963324  307.367785
10313.213523  307.052212
10313.213523  305.158776
10313.213523  304.212058
10313.213523  303.580913
10313.473153  327.564436
10313.473153  322.515274
10313.473153  317.781683
10313.473153  313.363666
10313.473153  305.474349
10313.732154  333.560317
10313.732154  325.039855
10313.732154  310.207939
10313.732154  300.425186
10313.982982  330.720163
10314.241983  319.990692
10314.241983  304.843204
10314.241983  300.109614
10314.241983  299.794041
10314.241983  299.478468
10314.241983  299.478468
10314.492183  304.212058
10314.492183  303.580913
10314.751812  314.941529
10314.751812  304.843204
10315.010813  307.367785
10315.261642  307.367785
10315.261642  303.580913
10315.261642  302.003050
10315.261642  300.425186
10315.261642  299.478468
10315.261642  298.216178
10315.520642  306.736640
10315.520642  302.318622
10315.520642  303.265340
10315.779643  303.896486
10315.779643  301.371904
10315.779643  298.216178
10315.779643  297.269460
10316.030472  304.843204
10316.030472  302.318622
10316.030472  301.056332
10316.289472  296.953887
10316.289472  296.322742
10316.540301  309.892367
10316.540301  303.896486
10316.540301  299.794041
10316.799302  309.261221
10317.058302  299.162896
10317.058302  296.007169
10317.309131  300.109614
10317.309131  299.794041
10317.309131  299.478468
10317.309131  297.269460
10317.309131  299.478468
10317.309131  296.953887
10317.309131  296.953887
10317.309131  294.429305
10317.309131  293.798160
10317.309131  291.904724
10317.309131  291.589151
10317.309131  289.380143
10317.568132  304.843204
10317.568132  302.949768
10317.568132  299.794041
10317.568132  298.847323
10317.568132  295.376023
10317.827761  299.794041
10317.827761  295.060451
10318.077961  294.744878
10318.077961  294.429305
10318.596591  297.900605
10318.596591  294.744878
10318.846791  302.318622
10318.846791  293.798160
10319.106421  297.585032
10319.106421  294.744878
10319.106421  292.851442
10319.106421  289.064570
10319.356620  299.794041
10319.356620  296.953887
10319.356620  294.429305
10319.356620  291.904724
10319.356620  289.380143
10319.356620  289.380143
10319.356620  286.855561
10319.356620  285.908843
10319.356620  284.330980
10319.616250  297.269460
10319.616250  297.269460
10319.616250  292.220297
10319.875251  296.322742
10320.125450  296.638314
10320.125450  294.429305
10320.125450  291.589151
10320.385080  299.794041
10320.385080  284.015407
10320.644081  293.798160
10320.894909  291.904724
10320.894909  289.064570
10320.894909  284.015407
10321.153910  291.589151
10321.153910  289.695715
10321.153910  286.855561
10321.404738  297.900605
10321.404738  289.380143
10321.404738  289.064570
10321.404738  289.064570
10321.404738  289.380143
10321.404738  286.539989
10321.404738  284.330980
10321.404738  283.699835
10321.404738  281.806398
10321.404738  281.175253
10321.404738  279.281817
10321.404738  278.335099
10321.663739  317.466111
10321.663739  314.941529
10321.663739  310.523512
10321.663739  304.843204
10321.663739  300.740759
10321.663739  299.794041
10321.663739  297.269460
10321.663739  296.638314
10321.663739  296.953887
10321.663739  296.953887
10321.663739  292.535869
10321.663739  292.220297
10321.663739  284.646553
10321.663739  282.121971
10321.922740  308.314503
10321.922740  294.744878
10321.922740  293.482587
10321.922740  293.798160
10321.922740  282.753116
10321.922740  281.806398
10322.173568  297.900605
10322.173568  290.011288
10322.432569  312.416948
10322.432569  293.167015
10322.432569  290.326861
10322.432569  290.642433
10322.432569  289.380143
10322.691570  303.580913
10322.691570  295.060451
10322.691570  294.113733
10322.691570  288.117852
10322.691570  281.806398
10322.691570  281.806398
10322.691570  276.757236
10322.942398  290.011288
10322.942398  274.232654
10322.942398  268.552346
10323.201399  291.273579
10323.201399  287.171134
10323.201399  288.748997
10323.201399  285.908843
10323.201399  286.539989
10323.201399  286.539989
10323.201399  279.281817
10323.201399  271.708073
10323.452228  289.064570
10323.452228  284.330980
10323.452228  284.330980
10323.452228  281.806398
10323.452228  279.281817
10323.452228  275.810518
10323.452228  273.917082
10323.452228  274.232654
10323.452228  271.708073
10323.452228  269.183491
10323.452228  266.658910
10323.452228  266.343337
10323.452228  260.663029
10323.711229  284.646553
10323.711229  279.281817
10323.970229  290.642433
10323.970229  284.962125
10323.970229  283.068689
10323.970229  284.015407
10323.970229  284.330980
10324.221058  279.281817
10324.221058  276.757236
10324.221058  259.085166
10324.221058  221.847590
10324.480059  286.539989
10324.480059  283.699835
10324.480059  281.806398
10324.480059  274.232654
10324.480059  271.708073
10324.480059  269.183491
10324.739688  286.855561
10324.739688  261.609747
10324.989888  288.117852
10324.989888  283.699835
10324.989888  276.757236
10324.989888  271.708073
10325.249517  266.658910
10325.249517  264.134329
10325.499717  280.859680
10325.499717  281.490826
10325.499717  279.281817
10325.499717  276.757236
10325.499717  274.232654
10325.499717  274.232654
10325.499717  271.076928
10325.499717  269.183491
10325.499717  265.712192
10325.499717  264.134329
10325.499717  255.929439
10325.758718  292.220297
10325.758718  287.171134
10325.758718  284.646553
10325.758718  284.330980
10325.758718  281.490826
10325.758718  279.281817
10326.018347  290.326861
10326.018347  263.818756
10326.268547  276.757236
10326.528177  279.281817
10327.038006  273.917082
10327.297007  251.511422
10327.556008  276.441663
10328.065837  273.917082
10328.316665  259.085166
10328.316665  254.667148
10328.575666  271.708073
10328.575666  238.888515
10328.834667  258.769593
10329.085495  269.183491
10329.085495  251.511422
10329.085495  248.986840
10329.344496  266.343337
10329.603497  271.392500
10329.603497  266.658910
10329.603497  264.134329
10329.603497  261.609747
10329.603497  261.609747
10329.603497  256.560585
10329.603497  254.036003
10329.603497  248.986840
10329.603497  244.884396
10329.603497  243.937678
10329.603497  241.413096
10329.854325  280.228535
10329.854325  279.281817
10329.854325  276.126090
10329.854325  273.601509
10329.854325  267.921201
10329.854325  256.245012
10330.113326  266.027765
10330.372956  271.392500
10330.372956  263.187611
10330.372956  261.609747
10330.623155  277.072808
10331.132985  290.326861
10331.132985  274.548227
10331.132985  272.339218
10331.132985  246.146686
10331.651615  287.802279
10331.901815  284.962125
10331.901815  283.068689
10331.901815  259.085166
10332.671273  281.806398
10332.671273  270.761355
10332.671273  253.404858
10332.930274  268.867919
10333.440104  243.306532
10333.699104  240.150805
10334.208934  237.626224
10334.467934  266.658910
10334.718763  254.036003
10334.977764  263.503183
10335.228592  261.609747
10336.256423  259.085166
10337.535082  250.564704
10337.794712  256.560585
10337.794712  248.355695
10338.044912  284.646553
10338.044912  282.121971
10338.044912  279.912962
10338.044912  277.072808
10338.044912  274.863800
10338.044912  273.285936
10338.044912  269.814637
10338.044912  267.921201
10338.044912  260.031884
10338.044912  256.245012
10338.304541  264.449901
10338.304541  256.876157
10338.304541  248.986840
10338.563542  263.187611
10338.813742  254.036003
10338.813742  246.462259
10339.583200  241.413096
10340.611031  251.511422
10341.379861  243.937678
10342.909349  238.888515
10346.883629  216.798427
10347.004957  218.849650
10347.004957  216.325068
10348.292417  228.790189
10349.052446  236.206147
10349.440947  213.958273
10349.571076  234.154925
10349.821276  226.896753
10349.821276  213.327128
10350.080905  212.538196
10350.720235  225.792249
10350.979236  233.365993
10351.099935  232.419275
10351.359565  230.210266
10351.618566  224.372172
10351.748066  223.109881
10351.998894  231.472557
10352.508724  210.486974
10352.508724  206.226743
10352.767725  204.333307
10353.026725  221.689804
10353.026725  210.013615
10353.156226  221.374231
10353.156226  203.702161
10353.277554  207.489034
10353.795555  202.439871
10353.795555  201.177580
10353.916883  220.111941
10353.916883  208.593538
10354.434885  234.154925
10354.434885  233.681566
10354.434885  232.734848
10354.434885  230.683625
10354.434885  227.843471
10354.434885  227.527898
10354.434885  225.003317
10354.434885  222.794308
10354.434885  221.689804
10354.434885  220.269727
10354.434885  219.638582
10354.434885  207.489034
10354.556213  218.849650
10354.556213  216.956214
10354.556213  216.167282
10354.556213  214.116060
10354.556213  213.800487
10354.556213  211.118119
10354.685714  230.210266
10354.815214  226.423394
10354.815214  212.538196
10354.815214  208.909111
10354.944714  208.435752
10355.325043  204.964452
10355.454544  205.911170
10357.251833  203.702161
10358.141991  236.521720
10359.040322  201.966512
10359.420651  201.177580
10361.087811  199.284144
10361.217312  198.021853
10361.347441  197.390708
10751.105938  88.675922
11612.799112  47.020329
18276.356184  365.748730
18276.356184  361.330712
18282.499281  352.494678
18283.518939  364.486439
18283.518939  354.388114
18283.518939  349.338951
18284.028140  357.859413
18284.028140  357.228268
18284.797599  366.064303
18287.873548  362.908576
18289.921037  358.806131
18290.180038  355.650404
18290.180038  353.125823
18290.430866  360.383994
18290.689867  332.613599
18291.199696  346.814369
18291.199696  331.982454
18291.458697  340.187343
18291.458697  331.982454
18291.709526  343.027497
18291.968526  337.662762
18292.227527  341.449634
18292.227527  339.871771
18292.227527  336.716044
18292.227527  334.822608
18292.227527  329.457872
18292.996986  335.138180
18292.996986  333.560317
18293.506815  350.285669
18293.506815  347.761087
18294.016016  345.236506
18296.323135  324.724282
18296.832964  342.711925
18297.860795  330.404590
18298.880453  334.507035
18299.649283  335.138180
18299.649283  328.195582
18299.908913  325.671000
18300.159113  337.662762
18300.159113  331.035736
18300.159113  322.199701
18300.418742  340.818489
18300.418742  329.457872
18300.418742  325.671000
18300.418742  324.408710
18300.418742  324.408710
18300.668942  345.236506
18300.668942  340.187343
18301.437772  342.711925
18301.437772  337.662762
18301.956402  335.138180
18302.466231  365.748730
18302.466231  362.908576
18302.717060  355.334832
18302.976061  352.810250
18302.976061  332.613599
18302.976061  317.781683
18303.485890  361.961858
18303.485890  317.150538
18304.003892  358.490558
18304.003892  330.089018
18304.003892  320.937410
18304.003892  316.203820
18304.254720  319.675119
18304.513721  328.826727
18304.513721  326.933291
18304.513721  324.724282
18304.513721  322.199701
18304.513721  319.675119
18304.513721  314.625957
18304.513721  314.625957
18305.023550  350.285669
18305.282551  335.138180
18305.282551  332.613599
18305.533379  327.564436
18306.052010  349.023378
18306.052010  330.404590
18306.561839  315.572675
18306.561839  313.048093
18306.561839  312.101375
18306.561839  311.470230
18306.820840  325.039855
18306.820840  324.724282
18307.071039  319.043974
18307.071039  315.257102
18308.350327  319.990692
18308.609328  321.884128
18308.609328  317.466111
18308.609328  315.257102
18308.609328  312.732521
18308.609328  312.101375
18308.609328  311.785803
18308.609328  309.576794
18308.609328  309.576794
18308.609328  307.052212
18308.868329  345.867651
18308.868329  343.343070
18308.868329  340.818489
18308.868329  337.662762
18308.868329  335.453753
18308.868329  332.613599
18308.868329  330.089018
18309.628987  327.880009
18309.628987  325.039855
18310.397817  322.830846
18310.397817  320.306265
18310.397817  307.052212
18310.656818  318.728401
18310.656818  314.941529
18310.656818  313.048093
18310.656818  311.470230
18310.656818  308.945648
18310.656818  308.314503
18310.656818  304.212058
18311.166647  314.941529
18312.195106  312.416948
18312.445306  314.625957
18312.445306  305.474349
18312.704307  316.519393
18312.704307  309.892367
18312.704307  309.576794
18312.704307  307.052212
18312.704307  303.896486
18312.704307  299.478468
18312.963936  319.990692
18312.963936  312.416948
18313.473766  309.892367
18313.473766  307.367785
18313.732767  306.105494
18314.242596  315.888247
18314.492796  301.371904
18314.752425  311.154657
18314.752425  304.843204
18314.752425  306.736640
18314.752425  304.527631
18314.752425  303.896486
18315.011426  310.839085
18315.011426  305.158776
18315.011426  302.318622
18315.262254  309.261221
18315.262254  307.367785
18315.780256  310.207939
18315.780256  303.265340
18315.780256  300.740759
18316.031084  312.416948
18316.031084  309.892367
18316.031084  302.318622
18316.290085  302.003050
18316.290085  300.425186
18316.540914  298.531750
18316.799914  302.318622
18316.799914  301.687477
18316.799914  300.109614
18316.799914  299.478468
18316.799914  299.478468
18316.799914  299.478468
18316.799914  296.953887
18316.799914  296.953887
18316.799914  296.953887
18317.058915  342.711925
18317.058915  335.138180
18317.058915  332.929172
18317.058915  330.089018
18317.058915  325.039855
18317.058915  322.515274
18317.058915  312.732521
18317.058915  309.892367
18317.058915  307.367785
18317.058915  309.576794
18317.058915  304.843204
18317.309744  327.564436
18317.309744  319.990692
18317.309744  317.466111
18317.309744  307.683358
18317.309744  302.318622
18317.309744  300.109614
18317.309744  297.900605
18317.568745  315.257102
18317.828374  340.187343
18317.828374  309.892367
18317.828374  307.683358
18317.828374  294.429305
18318.078574  339.556198
18318.078574  306.421067
18318.078574  296.007169
18318.338203  298.531750
18318.597204  294.113733
18318.597204  289.064570
18318.847404  308.630076
18318.847404  305.474349
18318.847404  303.896486
18318.847404  300.109614
18318.847404  298.216178
18318.847404  299.162896
18318.847404  296.953887
18318.847404  294.429305
18318.847404  294.429305
18318.847404  291.904724
18318.847404  291.904724
18318.847404  289.380143
18318.847404  286.855561
18318.847404  286.224416
18319.107033  300.109614
18319.107033  297.585032
18319.107033  283.068689
18319.357233  307.367785
18319.616863  302.318622
18319.875863  302.318622
18320.126063  297.269460
18320.126063  281.806398
18320.385693  300.740759
18320.385693  294.744878
18320.644693  305.474349
18320.644693  283.384262
18320.895522  301.687477
18320.895522  294.744878
18320.895522  293.482587
18320.895522  294.429305
18320.895522  291.904724
18320.895522  291.273579
18320.895522  289.380143
18320.895522  286.855561
18320.895522  284.330980
18320.895522  281.806398
18320.895522  281.806398
18321.154523  304.843204
18321.154523  302.318622
18321.154523  299.794041
18321.154523  294.744878
18321.154523  295.060451
18321.405351  300.425186
18321.405351  299.478468
18321.405351  297.585032
18321.405351  295.376023
18321.664352  295.376023
18321.664352  294.113733
18321.923353  303.580913
18321.923353  294.744878
18322.174181  304.843204
18322.174181  303.265340
18322.174181  298.216178
18322.174181  292.220297
18322.174181  294.429305
18322.174181  294.429305
18322.174181  291.904724
18322.433182  294.744878
18322.433182  291.589151
18322.433182  289.380143
18322.433182  278.966244
18322.692183  302.003050
18322.692183  293.798160
18322.692183  289.064570
18322.692183  289.380143
18322.692183  286.855561
18322.692183  284.330980
18322.692183  283.068689
18322.692183  276.441663
18322.943011  302.318622
18322.943011  300.740759
18322.943011  293.482587
18322.943011  291.904724
18322.943011  289.380143
18322.943011  286.855561
18322.943011  286.855561
18322.943011  284.015407
18322.943011  281.806398
18322.943011  281.806398
18322.943011  279.281817
18322.943011  276.757236
18323.202012  298.216178
18323.202012  292.535869
18323.202012  289.380143
18323.452841  281.806398
18323.711841  292.535869
18323.711841  292.220297
18323.711841  289.695715
18323.971471  292.220297
18323.971471  289.380143
18323.971471  278.966244
18324.221671  295.060451
18324.221671  290.958006
18324.480671  286.539989
18324.480671  283.068689
18324.740301  290.011288
18324.740301  280.859680
18324.990501  290.326861
18324.990501  289.380143
18324.990501  286.224416
18324.990501  284.330980
18324.990501  284.330980
18324.990501  281.806398
18324.990501  279.281817
18324.990501  279.281817
18324.990501  276.757236
18324.990501  275.179372
18324.990501  274.232654
18324.990501  271.708073
18324.990501  269.183491
18324.990501  261.609747
18325.250130  312.416948
18325.250130  309.892367
18325.250130  307.367785
18325.250130  304.843204
18325.250130  303.265340
18325.250130  299.794041
18325.250130  298.847323
18325.250130  294.744878
18325.250130  294.744878
18325.250130  293.798160
18325.250130  292.851442
18325.250130  289.695715
18325.500330  287.802279
18325.500330  289.064570
18325.500330  274.232654
18325.500330  269.183491
18325.759959  288.748997
18325.759959  284.646553
18326.018960  285.593271
18326.018960  284.330980
18326.018960  274.232654
18326.269160  287.171134
18326.269160  286.224416
18326.269160  284.330980
18326.269160  273.601509
18326.269160  271.708073
18326.528789  276.441663
18326.787790  279.597390
18326.787790  279.281817
18326.787790  278.966244
18326.787790  273.917082
18326.787790  271.392500
18327.038619  284.962125
18327.038619  284.330980
18327.038619  281.806398
18327.038619  279.281817
18327.038619  276.757236
18327.038619  274.232654
18327.297620  282.121971
18327.297620  281.806398
18327.297620  271.708073
18327.807449  279.281817
18327.807449  266.027765
18328.066450  276.757236
18328.066450  254.036003
18328.317278  278.650672
18328.317278  274.232654
18328.576279  282.753116
18328.576279  269.183491
18328.576279  269.183491
18328.835280  285.277698
18328.835280  271.708073
18329.086108  281.806398
18329.086108  276.757236
18329.086108  274.232654
18329.086108  271.392500
18329.086108  266.658910
18329.086108  264.134329
18329.086108  264.134329
18329.086108  249.933558
18329.086108  248.986840
18329.345109  287.486707
18329.345109  284.646553
18329.345109  282.121971
18329.345109  282.753116
18329.345109  280.228535
18329.345109  281.806398
18329.345109  249.617986
18329.345109  248.671268
18329.604738  279.281817
18329.604738  279.281817
18329.854938  276.757236
18329.854938  254.351576
18330.113939  276.757236
18330.113939  269.183491
18330.113939  254.036003
18330.364767  274.232654
18330.883398  290.011288
18331.133598  251.511422
18331.393227  274.232654
18331.652228  273.917082
18331.902428  276.757236
18331.902428  266.658910
18332.162057  284.330980
18332.412257  285.908843
18332.412257  271.708073
18332.671886  287.171134
18332.930887  264.134329
18332.930887  261.294175
18332.930887  248.986840
18332.930887  246.462259
18332.930887  239.835233
18333.181716  279.912962
18333.181716  279.281817
18333.181716  276.757236
18333.181716  274.232654
18333.181716  270.130210
18333.181716  267.290055
18333.181716  266.658910
18333.181716  264.134329
18333.181716  261.609747
18333.181716  258.769593
18333.181716  258.454021
18333.181716  256.560585
18333.181716  254.036003
18333.181716  251.511422
18333.181716  248.986840
18333.181716  245.831114
18333.181716  243.937678
18333.181716  242.990959
18333.181716  237.941797
18333.440716  304.843204
18333.440716  302.318622
18333.440716  299.794041
18333.440716  297.269460
18333.440716  294.744878
18333.440716  294.113733
18333.440716  288.117852
18333.440716  285.277698
18333.440716  274.548227
18333.440716  272.023646
18333.440716  263.818756
18333.699717  271.708073
18333.699717  266.658910
18333.950546  289.695715
18333.950546  284.015407
18334.468547  269.183491
18334.719376  277.072808
18334.719376  276.757236
18334.978377  273.917082
18335.229205  281.806398
18335.229205  263.187611
18335.229205  261.609747
18335.488206  261.609747
18335.747207  264.134329
18336.257036  271.392500
18336.516665  268.236773
18337.026495  266.658910
18337.535695  265.396619
18337.535695  260.978602
18337.535695  258.454021
18337.795325  264.134329
18337.795325  256.560585
18339.073984  254.036003
18339.324184  251.511422
18340.352643  248.040122
18340.611644  245.831114
18340.862473  235.732788
18341.380474  233.997138
18341.631303  272.023646
18341.631303  271.708073
18341.631303  267.605628
18341.631303  264.765474
18341.631303  261.609747
18341.631303  257.822875
18341.631303  256.245012
18341.631303  234.786070
18341.890303  264.134329
18341.890303  238.888515
18342.141132  253.404858
18342.141132  251.511422
18342.789263  232.261489
18342.909962  243.622105
18343.168963  231.472557
18343.428592  230.210266
18344.577751  228.790189
18344.707252  227.685685
18345.217081  226.423394
18345.217081  215.220564
18345.596781  214.273846
18345.726910  213.800487
18345.985911  212.538196
18346.366240  218.849650
18346.754741  210.802547
18347.135070  217.587359
18347.774399  209.540256
18348.033400  225.161103
18348.293030  241.413096
18348.413729  223.898813
18348.672730  221.216445
18348.802230  222.636522
18348.802230  208.277965
18349.442189  207.489034
18349.571689  220.111941
18349.701189  205.911170
18349.821889  269.499064
18349.821889  265.081047
18349.821889  261.925320
18349.821889  259.400739
18349.821889  258.454021
18349.821889  253.404858
18349.821889  235.732788
18349.821889  232.419275
18350.081518  250.249131
18350.081518  231.314771
18350.081518  229.421334
18350.081518  226.423394
18350.340519  266.974483
18350.590719  255.298294
18350.590719  244.253250
18350.590719  243.306532
18350.590719  228.790189
18350.720848  225.161103
18350.850348  247.408977
18351.360178  238.888515
18351.360178  227.685685
18351.489678  233.997138
18351.748679  234.628284
18351.748679  223.898813
18351.870007  222.478736
18352.129008  240.781951
18352.509337  207.173461
18352.638837  221.374231
18352.768337  205.122239
18352.768337  204.964452
18353.278167  203.544375
18353.917496  220.111941
18354.176497  218.849650
18355.075456  217.587359
18355.844286  216.325068
18358.012475  249.302413
18358.012475  241.728669
18358.012475  241.097523
18358.781934  246.777832
18359.550764  214.431632
18359.550764  211.275906
18360.069394  212.538196
18360.190094  213.800487
18360.578595  210.013615
18361.468753  208.751324
18372.354959  295.376023
18373.893248  290.642433
18374.143448  289.380143
18381.055375  279.597390
18381.565204  285.908843
18381.565204  278.966244
18382.593663  284.330980
18384.131324  276.441663
18384.641153  273.917082
18385.150982  271.708073
18385.660811  267.921201
18386.948272  257.191730
18390.525249  250.249131
18391.294079  248.986840
26195.201534  602.743809
26197.249023  598.325791
26197.758853  594.538919
26199.037512  550.043172
26199.296513  591.383192
26199.555513  549.412027
26201.853831  545.309582
26203.392120  585.702884
26205.188781  543.100573
26205.698610  540.575992
26205.698610  538.366983
26212.861366  534.580111
26212.861366  532.686675
26213.630196  529.530948
26213.630196  529.215375
26214.148826  534.580111
26214.399026  533.633393
26214.399026  529.530948
26214.908855  528.584230
26218.244433  526.375221
26221.570582  521.957204
26221.820782  521.641631
26225.666190  519.117050
26226.435020  515.330178
26228.992338  513.121169
26244.863681  456.633660
26245.633140  462.945114
26245.892141  454.109079
26246.142969  452.215643
26246.660971  496.711390
26246.660971  496.395817
26246.911800  499.551544
26247.421629  492.924518
26248.190459  491.346654
26249.987748  448.744343
26249.987748  447.797625
26251.006778  502.391698
26252.285438  496.711390
26252.285438  444.010753
26252.804068  494.502381
26253.054896  493.871236
26254.082727  486.613064
26254.082727  441.486172
26254.333556  440.539454
26254.592557  491.031082
26254.592557  405.195314
26254.851557  485.666346
26255.361387  483.772910
26255.361387  466.416413
26255.871216  488.190928
26255.871216  465.154122
26255.871216  425.707538
26256.130217  423.182957
26256.640046  459.473814
26256.899675  484.404056
26257.149875  481.248329
26257.149875  463.260686
26257.409505  482.195047
26257.409505  458.211524
26258.688164  477.777029
26258.947165  459.158242
26259.197993  476.199166
26260.735653  415.609213
26260.994654  433.596855
26261.245483  431.703419
26261.504483  436.121436
26261.764113  418.764939
26262.014313  403.933024
26262.273313  429.178838
26262.273313  415.609213
26262.532943  401.408442
26262.532943  380.265073
26262.783143  407.719896
26263.042772  412.769058
26263.042772  410.560050
26263.042772  397.305997
26264.061802  426.338683
26264.831261  415.924785
26265.600091  472.727867
26265.859092  469.572140
26265.859092  468.625422
26266.109920  465.154122
26266.109920  413.400204
26266.368921  413.084631
26267.906581  410.560050
26268.416410  407.404323
26270.974358  403.933024
26272.002188  402.039588
26273.021847  400.461724
26275.328337  396.674852
26275.587967  395.096989
26276.607625  376.162628
26278.404286  385.314236
26278.655115  390.994544
26278.655115  387.838817
26278.655115  373.953619
26279.173116  372.691329
26279.423945  389.416681
26279.423945  382.158509
26279.423945  380.265073
26279.682945  441.170599
26279.682945  439.908308
26279.682945  390.678971
26279.682945  389.101108
26279.933774  436.437009
26279.933774  435.174718
26279.933774  431.072274
26279.933774  430.756701
26279.933774  398.568288
26280.192775  386.260954
26280.452404  400.777297
26280.452404  397.621570
26280.452404  383.105227
26280.702604  382.789654
26281.471434  415.924785
26281.731064  426.023111
26281.981263  425.707538
26281.981263  410.875622
26281.981263  379.002782
26282.240893  377.424919
26282.499894  409.613332
26282.750093  423.182957
26283.009723  406.457605
26283.009723  405.195314
26284.029381  393.834698
26286.085672  420.658375
26291.710138  413.400204
26293.507428  342.711925
26295.045088  340.187343
26295.295916  349.970096
26295.295916  314.941529
26295.554917  355.965977
26295.554917  314.310384
26295.805117  357.859413
26295.805117  354.703686
26295.805117  350.285669
26295.805117  347.129942
26295.805117  337.662762
26295.805117  337.347189
26295.805117  333.244744
26295.805117  332.298026
26295.805117  329.773445
26295.805117  327.248864
26301.188185  372.691329
26301.698014  348.076660
26302.207843  353.125823
26302.207843  330.404590
26302.207843  327.564436
26302.717673  325.039855
26302.976673  363.224149
26302.976673  345.867651
26302.976673  320.621837
26303.235674  415.293640
26303.235674  322.830846
26303.486503  415.924785
26303.486503  342.711925
26304.004504  413.084631
26304.004504  373.953619
26304.004504  360.699567
26304.004504  358.806131
26304.004504  335.138180
26304.004504  333.560317
26304.004504  324.093137
26304.004504  322.199701
26304.004504  319.359547
26304.004504  317.466111
26304.004504  315.888247
26304.004504  316.519393
26304.255333  414.031349
26304.255333  340.502916
26304.514334  369.851175
26304.514334  366.695448
26304.514334  322.515274
26304.773963  338.293907
26305.283792  334.191462
26306.052622  317.150538
26306.302822  328.511154
26306.562452  412.453486
26306.812651  355.334832
26306.812651  320.306265
26307.331282  351.232387
26307.581482  325.671000
26307.581482  318.097256
26307.581482  315.572675
26307.841111  310.839085
26308.100112  356.597122
26308.100112  315.572675
26308.100112  313.994811
26308.100112  313.363666
26308.100112  312.416948
26308.100112  312.101375
26308.100112  309.576794
26308.350940  408.982186
26308.350940  319.990692
26308.350940  315.257102
26308.350940  313.363666
26308.609941  311.470230
26308.868942  330.089018
26309.378771  317.466111
26309.629600  407.404323
26309.629600  401.092869
26309.629600  317.150538
26309.888600  304.527631
26310.147601  313.048093
26310.147601  310.523512
26310.147601  307.367785
26310.657430  322.515274
26310.917060  315.257102
26311.426261  375.531483
26311.426261  312.732521
26311.685890  397.621570
26311.936090  374.900337
26311.936090  371.744611
26311.936090  309.892367
26312.195719  367.957739
26312.195719  365.748730
26312.195719  365.117585
26312.195719  362.277431
26312.195719  360.068422
26312.195719  307.683358
26312.195719  306.736640
26312.195719  306.736640
26312.195719  304.527631
26312.195719  301.687477
26312.445919  370.166747
26312.445919  342.711925
26312.445919  340.187343
26312.445919  332.613599
26312.445919  327.564436
26312.445919  314.941529
26312.705548  366.695448
26312.705548  362.277431
26312.964549  362.908576
26312.964549  330.720163
26312.964549  325.671000
26312.964549  319.990692
26313.214749  358.490558
26313.214749  339.240625
26313.474379  312.416948
26313.474379  307.367785
26313.724578  322.515274
26313.724578  304.843204
26313.984208  319.043974
26313.984208  312.416948
26313.984208  309.892367
26314.243209  305.158776
26314.243209  304.212058
26314.243209  303.896486
26314.243209  302.003050
26314.243209  299.478468
26314.494037  356.597122
26314.494037  335.769326
26314.494037  309.892367
26314.753038  362.908576
26314.753038  310.839085
26315.012039  355.019259
26315.012039  309.576794
26315.262867  307.367785
26315.262867  306.105494
26315.262867  302.949768
26315.521868  300.425186
26315.780869  302.318622
26315.780869  298.847323
26316.031697  350.285669
26316.031697  295.376023
26316.290698  349.970096
26316.290698  305.158776
26316.290698  302.318622
26316.290698  301.687477
26316.290698  299.794041
26316.290698  299.478468
26316.290698  299.478468
26316.290698  296.953887
26316.290698  296.953887
26316.541526  309.892367
26316.541526  307.367785
26316.541526  304.843204
26316.800527  346.183224
26316.800527  302.318622
26316.800527  294.429305
26317.569357  299.794041
26318.079187  360.383994
26318.079187  302.318622
26318.079187  298.847323
26318.079187  297.900605
26318.079187  296.638314
26318.338816  309.892367
26318.338816  309.576794
26318.338816  302.003050
26318.338816  300.425186
26318.338816  300.740759
26318.338816  297.585032
26318.338816  296.953887
26318.338816  296.953887
26318.338816  294.429305
26318.338816  293.798160
26318.338816  293.167015
26318.338816  291.589151
26318.597817  302.318622
26318.597817  297.269460
26318.597817  292.851442
26318.597817  291.904724
26318.848017  299.794041
26318.848017  292.535869
26318.848017  291.904724
26319.107646  355.019259
26319.107646  302.318622
26319.107646  300.740759
26319.357846  352.179105
26319.617475  291.273579
26319.876476  297.585032
26319.876476  295.376023
26319.876476  294.429305
26320.127305  297.269460
26320.386305  357.859413
26320.386305  296.007169
26320.386305  294.429305
26320.386305  291.904724
26320.386305  291.273579
26320.386305  291.589151
26320.386305  289.380143
26320.386305  289.380143
26320.386305  289.380143
26320.386305  286.224416
26320.386305  276.757236
26320.645306  310.523512
26320.645306  304.843204
26320.645306  299.794041
26320.645306  296.007169
26320.645306  293.798160
26320.896135  357.228268
26320.896135  325.986573
26320.896135  307.367785
26320.896135  302.318622
26320.896135  296.322742
26320.896135  289.695715
26321.155136  327.880009
26321.155136  314.941529
26321.155136  297.269460
26321.405964  322.515274
26321.405964  317.466111
26321.405964  294.113733
26321.664965  320.306265
26321.664965  312.416948
26321.664965  294.744878
26321.664965  294.744878
26321.923966  293.798160
26322.174794  323.146419
26322.433795  305.158776
26322.433795  304.527631
26322.433795  293.482587
26322.433795  292.220297
26322.433795  293.167015
26322.433795  291.273579
26322.433795  290.958006
26322.433795  289.380143
26322.433795  289.380143
26322.433795  286.539989
26322.433795  286.855561
26322.433795  284.330980
26322.433795  284.015407
26322.433795  281.806398
26322.433795  279.281817
26322.433795  276.757236
26322.692796  296.007169
26322.692796  292.851442
26322.692796  294.429305
26322.692796  291.589151
26322.943624  270.130210
26323.202625  305.158776
26323.202625  291.904724
26323.202625  291.589151
26323.453453  304.527631
26323.453453  287.802279
26323.453453  287.802279
26323.712454  290.958006
26323.712454  289.380143
26323.712454  287.171134
26323.712454  272.339218
26323.972084  286.224416
26324.222283  287.171134
26324.222283  283.699835
26324.222283  276.757236
26324.222283  266.974483
26324.222283  266.658910
26324.222283  262.556465
26324.222283  259.400739
26324.481284  302.003050
26324.481284  290.326861
26324.481284  288.433425
26324.481284  286.855561
26324.481284  285.593271
26324.481284  286.539989
26324.481284  284.330980
26324.481284  281.806398
26324.481284  279.281817
26324.481284  279.281817
26324.481284  274.232654
26324.481284  271.708073
26324.481284  269.183491
26324.481284  264.449901
26324.481284  263.818756
26324.481284  259.400739
26324.481284  259.085166
26324.740914  297.269460
26324.740914  294.744878
26324.740914  292.220297
26324.740914  290.326861
26324.740914  288.433425
26324.740914  284.646553
26324.740914  284.015407
26324.740914  284.330980
26324.740914  258.769593
26325.500943  300.740759
26325.500943  286.224416
26325.500943  281.806398
26325.500943  272.023646
26325.760572  288.748997
26325.760572  283.384262
26326.019573  348.076660
26326.019573  292.535869
26326.019573  286.855561
26326.019573  270.445782
26326.019573  269.183491
26326.019573  257.191730
26326.269773  282.121971
26326.269773  260.978602
26326.269773  258.138448
26326.269773  255.929439
26326.269773  256.560585
26326.529402  289.695715
26326.529402  284.330980
26326.529402  281.806398
26326.529402  281.490826
26326.529402  279.281817
26326.529402  276.441663
26326.529402  269.183491
26326.529402  256.245012
26326.788403  291.904724
26326.788403  288.117852
26326.788403  285.593271
26326.788403  284.330980
26326.788403  269.183491
26326.788403  256.245012
26327.039232  343.658643
26327.039232  276.441663
26327.298232  342.080779
26327.298232  338.293907
26327.298232  286.855561
26327.298232  279.597390
26327.298232  264.449901
26327.298232  264.134329
26327.298232  253.720430
26327.557233  266.658910
26327.557233  259.085166
26327.557233  254.036003
26327.808062  281.490826
26327.808062  278.966244
26327.808062  254.036003
26328.067062  336.716044
26328.067062  261.609747
26328.067062  256.560585
26328.067062  244.253250
26328.317891  334.822608
26328.317891  296.638314
26328.317891  281.806398
26328.317891  279.281817
26328.317891  273.917082
26328.317891  274.232654
26328.317891  269.499064
26328.317891  269.183491
26328.317891  243.937678
26328.576892  297.585032
26328.576892  285.593271
26328.576892  284.330980
26328.576892  281.490826
26328.576892  276.757236
26328.576892  271.392500
26328.576892  264.134329
26328.576892  261.609747
26328.576892  258.138448
26328.576892  253.404858
26328.576892  241.413096
26328.576892  238.888515
26328.835892  309.892367
26328.835892  307.367785
26328.835892  304.843204
26328.835892  302.634195
26328.835892  300.109614
26328.835892  297.900605
26328.835892  287.171134
26328.835892  284.646553
26328.835892  282.121971
26328.835892  283.384262
26328.835892  279.597390
26328.835892  279.597390
26328.835892  277.703954
26329.086721  279.281817
26329.605351  325.671000
26329.605351  319.990692
26329.605351  285.277698
26329.605351  281.490826
26329.605351  276.757236
26329.605351  256.560585
26329.855551  318.728401
26329.855551  283.699835
26329.855551  276.126090
26329.855551  250.880276
26329.855551  240.466378
26330.114552  248.355695
26330.365380  287.486707
26330.365380  286.855561
26330.365380  283.699835
26330.365380  279.281817
26330.624381  310.523512
26330.624381  274.232654
26330.624381  259.085166
26330.624381  251.195849
26330.884011  281.806398
26330.884011  279.281817
26330.884011  275.810518
26331.134210  274.232654
26331.134210  264.449901
26331.393840  316.834965
26331.393840  295.376023
26331.393840  262.872038
26331.652841  346.498797
26331.652841  272.970364
26331.652841  260.663029
26331.652841  251.195849
26331.652841  248.671268
26331.903040  277.703954
26331.903040  271.708073
26331.903040  246.146686
26331.903040  237.310651
26332.162670  292.220297
26332.162670  291.904724
26332.162670  286.224416
26332.162670  276.757236
26332.162670  266.658910
26332.162670  249.933558
26332.412870  271.708073
26332.672499  289.380143
26332.672499  268.867919
26332.672499  269.183491
26332.672499  264.134329
26332.672499  248.355695
26332.931500  267.605628
26332.931500  265.712192
26332.931500  243.937678
26332.931500  240.781951
26332.931500  236.679506
26333.182328  330.404590
26333.182328  246.146686
26333.441329  263.818756
26333.700330  329.773445
26333.951158  261.609747
26333.951158  254.036003
26334.469160  314.310384
26334.469160  251.511422
26334.719989  252.773712
26334.978989  259.085166
26335.488819  243.622105
26335.747819  251.511422
26335.747819  248.986840
26336.257649  256.245012
26336.767478  248.986840
26336.767478  246.462259
26337.027107  308.945648
26337.027107  272.339218
26337.027107  269.499064
26337.027107  268.867919
26337.027107  265.081047
26337.027107  261.925320
26337.027107  260.031884
26337.277307  279.281817
26337.277307  259.085166
26337.795937  276.757236
26338.046137  196.128417
26338.305767  248.355695
26338.435267  194.866127
26338.564768  256.560585
26338.815596  251.511422
26338.945096  186.976810
26339.074597  198.652999
26339.204097  197.232922
26339.204097  193.288263
26339.324797  254.036003
26339.454926  184.610015
26339.584426  243.622105
26339.713926  189.816964
26339.713926  183.505510
26339.843427  246.462259
26339.972927  185.556733
26339.972927  182.243220
26340.094255  188.554673
26340.353256  241.413096
26340.482756  180.191997
26340.612257  178.929707
26340.612257  178.456348
26340.733585  192.341545
26341.251587  190.448109
26341.761416  214.904991
26341.761416  177.036270
26341.890916  238.572942
26342.660375  213.642701
26343.549904  235.890574
26343.679405  235.101643
26343.939034  298.531750
26344.068535  231.630343
26344.189234  231.472557
26344.189234  225.792249
26344.318734  233.365993
26344.318734  216.482855
26344.318734  211.907051
26344.448864  224.687744
26344.448864  210.013615
26344.578364  216.009496
26344.707864  296.638314
26344.707864  219.007436
26344.707864  211.275906
26344.707864  208.751324
26344.828564  229.894693
26344.828564  218.691864
26345.088193  228.947975
26345.088193  227.685685
26345.088193  223.898813
26345.088193  222.636522
26345.088193  221.058659
26345.217694  351.547960
26345.217694  348.076660
26345.217694  342.711925
26345.217694  340.187343
26345.217694  335.138180
26345.217694  332.613599
26345.217694  313.363666
26345.217694  303.265340
26345.217694  297.269460
26345.217694  296.007169
26345.217694  294.113733
26345.217694  263.187611
26345.217694  260.347457
26345.217694  257.822875
26345.217694  254.351576
26345.217694  251.826994
26345.217694  248.986840
26345.217694  246.146686
26345.217694  243.622105
26345.217694  239.835233
26345.217694  238.888515
26345.217694  219.165223
26345.217694  218.849650
26345.347194  215.378350
26345.476694  346.498797
26345.476694  309.892367
26345.476694  251.511422
26345.598022  222.005377
26345.598022  214.589419
26345.727523  309.576794
26345.727523  302.003050
26345.727523  221.374231
26345.986524  289.380143
26345.986524  286.855561
26346.237352  337.662762
26346.237352  307.052212
26346.496353  216.640641
26346.755354  291.904724
26347.006182  211.749265
26347.265183  330.720163
26347.775012  329.142300
26347.775012  280.859680
26347.775012  222.952095
26347.904513  210.644760
26348.163513  206.542316
26348.293643  209.855829
26348.803472  274.863800
26348.932972  205.280025
26349.053672  284.330980
26349.053672  208.277965
26349.312672  327.248864
26349.312672  278.335099
26349.312672  272.970364
26349.572302  203.859948
26349.693001  235.575002
26349.822502  203.228802
26349.952002  202.439871
26350.082131  324.724282
26350.082131  321.884128
26350.082131  271.392500
26350.082131  234.312711
26350.341132  233.839352
26350.341132  200.862007
26350.850961  176.405125
26351.360790  175.142834
26351.619791  318.097256
26352.000120  232.577061
26352.000120  174.353903
26352.259121  231.314771
26352.259121  223.425454
26352.388621  178.929707
26352.509949  222.320949
26353.149279  171.671535
26353.408280  268.552346
26353.408280  173.249398
26353.537780  170.567031
26353.667281  230.052480
26353.918109  227.685685
26354.047609  221.374231
26354.306610  226.423394
26354.686939  219.954154
26355.076069  218.849650
26355.205569  266.658910
26355.585270  228.632403
26356.095099  216.798427
26356.225228  316.834965
26356.354728  216.167282
26356.734429  213.642701
26356.864558  215.062778
26357.373758  168.515808
26357.762888  167.411304
26357.892388  204.964452
26357.892388  167.095731
26358.143217  213.484914
26358.143217  197.706281
26358.272717  212.380410
26358.402218  203.702161
26358.402218  199.599717
26358.531718  261.925320
26358.531718  258.138448
26358.531718  193.919409
26358.661219  209.382470
26358.661219  164.728936
26358.782547  260.663029
26358.912047  190.448109
26359.041547  224.529958
26359.041547  163.624432
26359.171048  208.593538
26359.171048  163.308859
26359.300548  161.888782
26359.551377  256.560585
26359.551377  211.118119
26359.551377  207.489034
26359.551377  192.341545
26359.680877  202.439871
26360.449707  206.068957
26360.449707  201.019794
26360.709337  159.837560
26360.830036  199.915289
26360.830036  159.521987
26361.218537  157.786337
26361.469366  156.997406
26361.598866  189.028032
26361.728366  188.554673
26362.117496  196.286204
26362.238196  195.339486
26362.756826  186.661237
26362.877525  253.720430
26362.877525  184.610015
26363.266655  192.814904
26364.415814  251.511422
26364.415814  186.030092
26365.184644  248.986840
26366.212475  182.874365
26366.981934  182.085433
26367.361634  180.980929
26367.871463  178.140775
26368.770422  246.462259
26369.280252  243.937678
26370.558911  241.097523
26372.096571  238.888515
26375.422720  236.521720
26375.811850  233.208207
26375.932549  232.734848
26375.932549  231.472557
26376.062678  228.632403
26376.321679  234.943856
26376.321679  229.421334
26379.008498  227.370112
26380.416658  226.423394
26380.416658  224.845531
31062.398152  124.177847
34246.143582  443.695181
34246.912412  441.170599
34247.422242  446.535335
34248.191072  439.277163
34252.545680  436.121436
34253.573511  433.596855
34254.083340  431.703419
34254.334169  426.023111
34255.361999  430.441128
34256.131458  423.498529
34256.900288  392.887980
34258.688777  420.973948
34258.947778  420.658375
34260.995267  415.924785
34263.043385  414.346922
34263.293585  413.084631
34265.349875  409.613332
34265.600704  408.035468
34267.138364  355.334832
34268.676653  405.510887
34269.695682  401.724015
34269.955312  400.146151
34271.743800  397.937143
34272.512631  394.150271
34273.281461  392.887980
34273.281461  387.838817
34273.281461  381.842936
34274.560120  378.371637
34274.819749  390.363399
34274.819749  384.998663
34274.819749  377.740492
34274.819749  375.215910
34275.069949  423.498529
34275.069949  420.973948
34275.069949  413.400204
34275.328950  408.666614
34275.328950  406.142032
34275.588579  420.027230
34275.588579  411.191195
34275.588579  405.195314
34275.838779  402.986306
34276.098409  337.662762
34276.098409  335.138180
34276.608238  415.924785
34279.424557  392.572407
34280.453017  398.252715
34281.981876  396.043707
34282.241506  395.412561
34284.798824  390.678971
34285.316826  390.678971
34287.105314  388.154390
34288.133774  395.728134
34288.133774  388.469963
34288.133774  386.260954
34288.384602  383.420800
34288.643603  386.260954
34288.893803  394.150271
34289.663262  384.998663
34289.663262  375.531483
34289.663262  371.744611
34289.922263  381.527364
34289.922263  367.957739
34290.181263  333.875890
34290.432092  353.756968
34290.432092  342.711925
34290.691093  377.109346
34290.691093  359.121704
34290.691093  342.396352
34290.950093  380.580646
34290.950093  365.433157
34290.950093  365.117585
34290.950093  347.761087
34291.200922  379.949500
34291.200922  373.322474
34291.200922  371.744611
34291.200922  370.166747
34291.200922  365.433157
34291.200922  363.224149
34291.200922  362.277431
34291.200922  361.646285
34291.200922  360.068422
34291.200922  356.597122
34291.200922  351.863532
34291.200922  347.129942
34291.200922  338.293907
34291.200922  337.031617
34291.459923  388.154390
34291.459923  309.892367
34291.710751  383.105227
34291.710751  375.215910
34291.969752  308.945648
34292.229381  380.580646
34292.229381  378.687210
34292.738582  385.629808
34292.738582  379.002782
34292.998211  305.789922
34294.017870  375.531483
34296.575189  303.580913
34296.834189  371.429038
34297.603020  373.322474
34297.603020  370.166747
34297.862649  367.011021
34297.862649  365.117585
34297.862649  300.425186
34298.112849  370.482320
34298.112849  367.957739
34298.112849  298.847323
34298.112849  293.798160
34298.371850  362.908576
34298.371850  356.597122
34298.371850  296.953887
34298.622678  359.752849
34298.622678  330.089018
34298.622678  322.830846
34298.881679  367.011021
34298.881679  340.187343
34299.141308  361.961858
34299.141308  355.019259
34299.141308  352.810250
34299.141308  319.990692
34299.391508  361.646285
34299.391508  360.068422
34299.391508  337.662762
34299.391508  337.347189
34299.391508  332.929172
34299.391508  330.720163
34299.391508  329.142300
34299.391508  329.142300
34299.391508  327.248864
34299.391508  327.248864
34299.391508  324.724282
34299.391508  322.830846
34299.391508  321.252983
34299.651138  370.482320
34299.651138  365.433157
34299.651138  362.908576
34299.651138  357.859413
34299.910138  368.588884
34299.910138  360.383994
34300.419968  355.650404
34300.929797  350.285669
34300.929797  349.970096
34301.188798  352.810250
34301.188798  337.662762
34301.188798  332.613599
34301.439626  352.179105
34301.439626  346.498797
34301.439626  330.089018
34301.439626  329.773445
34301.439626  325.039855
34301.439626  324.093137
34301.439626  321.568555
34301.957628  340.187343
34301.957628  325.039855
34302.208456  333.560317
34302.208456  328.826727
34302.467457  349.970096
34302.467457  337.978335
34302.467457  335.138180
34303.236287  322.515274
34303.236287  322.199701
34303.487116  330.089018
34303.487116  321.252983
34303.487116  318.412829
34303.487116  319.043974
34303.487116  315.257102
34303.487116  315.572675
34303.487116  314.625957
34303.746116  355.019259
34304.005117  343.027497
34304.255946  332.613599
34304.514946  330.404590
34304.774576  321.884128
34305.284405  340.818489
34305.284405  320.937410
34305.284405  312.732521
34305.284405  311.785803
34305.534605  325.671000
34305.534605  319.675119
34305.534605  318.412829
34305.534605  312.101375
34306.053235  338.293907
34306.053235  335.138180
34306.303435  310.523512
34306.563064  319.990692
34306.822065  317.781683
34306.822065  313.048093
34306.822065  312.101375
34306.822065  309.261221
34307.072894  322.515274
34307.072894  309.261221
34307.331895  319.990692
34307.331895  308.945648
34307.582094  327.564436
34307.582094  317.466111
34307.582094  316.834965
34307.582094  315.257102
34307.582094  314.625957
34307.582094  312.101375
34307.841724  370.482320
34307.841724  365.433157
34307.841724  357.859413
34307.841724  343.027497
34307.841724  340.187343
34307.841724  332.613599
34307.841724  330.089018
34307.841724  307.052212
34308.100725  367.957739
34308.100725  338.925053
34308.100725  335.453753
34308.100725  317.466111
34308.100725  257.191730
34308.351553  355.334832
34308.351553  314.941529
34308.610554  361.961858
34308.610554  327.564436
34308.610554  307.052212
34309.120383  363.224149
34309.120383  312.732521
34309.379384  317.466111
34309.379384  314.941529
34309.379384  308.945648
34309.379384  305.789922
34309.630212  325.039855
34309.630212  322.830846
34309.630212  312.101375
34309.630212  310.207939
34309.630212  308.945648
34309.630212  307.052212
34309.630212  303.896486
34309.630212  304.527631
34309.889213  352.810250
34310.148214  350.916814
34310.148214  320.937410
34310.148214  260.031884
34310.658043  321.884128
34310.917673  315.257102
34310.917673  313.363666
34310.917673  307.367785
34311.686503  348.707806
34311.686503  317.781683
34311.686503  312.732521
34311.686503  312.101375
34311.686503  311.470230
34311.686503  307.998930
34311.686503  307.052212
34311.686503  307.052212
34311.686503  304.527631
34311.686503  301.687477
34311.686503  302.003050
34311.936703  319.990692
34311.936703  314.941529
34311.936703  312.416948
34311.936703  312.101375
34312.446532  319.359547
34312.706161  345.236506
34312.706161  304.843204
34312.965162  309.892367
34313.474991  305.158776
34313.474991  303.580913
34313.474991  299.162896
34313.733992  314.941529
34313.733992  312.416948
34313.733992  307.683358
34313.733992  303.580913
34313.733992  301.687477
34313.733992  299.478468
34313.984821  315.888247
34313.984821  312.416948
34313.984821  310.207939
34314.243821  307.367785
34314.753651  332.298026
34314.753651  327.248864
34314.753651  307.367785
34315.012651  307.052212
34315.263480  309.576794
34315.263480  299.794041
34315.263480  298.847323
34315.522481  312.732521
34315.522481  305.789922
34315.522481  306.736640
34315.781482  312.101375
34315.781482  302.949768
34315.781482  302.949768
34315.781482  304.527631
34315.781482  300.109614
34315.781482  301.056332
34315.781482  299.478468
34315.781482  299.162896
34315.781482  296.322742
34315.781482  296.638314
34316.032310  353.125823
34316.032310  350.285669
34316.032310  347.761087
34316.032310  345.236506
34316.032310  344.920933
34316.032310  335.138180
34316.032310  326.617718
34316.032310  319.990692
34316.032310  315.257102
34316.032310  307.367785
34316.032310  302.318622
34316.032310  298.531750
34316.291311  340.502916
34316.291311  322.515274
34316.291311  317.466111
34316.291311  296.638314
34316.542139  333.875890
34316.542139  322.199701
34316.542139  304.843204
34316.801140  319.675119
34316.801140  305.158776
34316.801140  301.056332
34316.801140  294.429305
34317.060141  313.363666
34317.060141  303.265340
34317.060141  302.003050
34317.829600  300.740759
34317.829600  297.585032
34317.829600  297.900605
34317.829600  296.007169
34317.829600  296.638314
34317.829600  294.429305
34317.829600  294.429305
34317.829600  294.429305
34317.829600  291.904724
34317.829600  291.904724
34317.829600  289.380143
34317.829600  289.064570
34317.829600  286.855561
34318.079799  304.843204
34318.079799  302.318622
34318.079799  299.794041
34318.079799  297.269460
34318.339429  338.293907
34318.339429  298.531750
34318.589629  309.892367
34318.589629  295.376023
34318.848629  330.089018
34318.848629  328.826727
34318.848629  297.585032
34318.848629  294.429305
34319.358459  296.322742
34319.358459  293.167015
34319.358459  292.851442
34319.618088  308.314503
34319.618088  302.318622
34319.618088  295.376023
34319.618088  294.429305
34319.618088  293.482587
34319.618088  291.904724
34319.618088  280.859680
34319.877089  291.904724
34319.877089  289.064570
34319.877089  286.855561
34319.877089  284.330980
34319.877089  279.281817
34320.127917  302.318622
34320.127917  299.794041
34320.127917  297.269460
34320.386918  302.318622
34320.645919  295.376023
34320.896748  343.658643
34320.896748  297.269460
34320.896748  298.216178
34320.896748  293.482587
34321.155748  332.613599
34321.155748  300.109614
34321.406577  332.298026
34321.406577  287.802279
34321.406577  279.281817
34321.665578  305.158776
34321.665578  300.425186
34321.665578  297.900605
34321.665578  297.585032
34321.665578  290.958006
34321.665578  287.802279
34321.665578  276.441663
34321.924578  296.638314
34321.924578  296.322742
34321.924578  291.904724
34321.924578  291.904724
34321.924578  289.380143
34321.924578  287.171134
34321.924578  286.855561
34321.924578  286.855561
34321.924578  284.330980
34321.924578  284.330980
34321.924578  281.806398
34322.175407  293.798160
34322.175407  292.220297
34322.175407  292.535869
34322.175407  293.798160
34322.175407  291.904724
34322.175407  287.171134
34322.175407  286.855561
34322.434408  293.482587
34322.434408  290.011288
34322.434408  285.277698
34322.694037  302.634195
34322.694037  302.003050
34322.694037  290.011288
34322.694037  286.224416
34322.944237  289.380143
34322.944237  277.072808
34323.203238  297.900605
34323.203238  295.060451
34323.203238  291.904724
34323.203238  287.171134
34323.203238  280.228535
34323.462867  285.277698
34323.462867  284.330980
34323.462867  275.179372
34323.713067  298.216178
34323.713067  288.433425
34323.713067  273.917082
34323.972696  340.187343
34323.972696  291.589151
34323.972696  290.326861
34323.972696  289.380143
34323.972696  288.117852
34323.972696  286.855561
34323.972696  285.277698
34323.972696  284.330980
34323.972696  281.806398
34323.972696  281.806398
34323.972696  279.281817
34323.972696  278.335099
34323.972696  276.757236
34323.972696  276.757236
34323.972696  276.441663
34323.972696  273.917082
34323.972696  273.917082
34323.972696  271.708073
34323.972696  271.708073
34323.972696  269.183491
34323.972696  261.294175
34324.222896  339.556198
34324.222896  332.613599
34324.222896  330.720163
34324.222896  327.564436
34324.222896  325.039855
34324.222896  315.572675
34324.222896  312.416948
34324.222896  307.367785
34324.222896  305.158776
34324.222896  302.318622
34324.222896  294.744878
34324.222896  292.220297
34324.222896  292.535869
34324.222896  290.642433
34324.222896  288.748997
34324.222896  289.064570
34324.222896  286.539989
34324.222896  285.277698
34324.222896  283.384262
34324.222896  236.679506
34324.481897  295.060451
34324.481897  290.642433
34324.481897  284.330980
34324.481897  281.806398
34324.481897  271.708073
34324.741527  322.515274
34324.741527  311.470230
34324.741527  299.794041
34324.741527  284.015407
34324.991726  295.691596
34325.251356  321.252983
34325.251356  298.847323
34325.251356  289.695715
34325.251356  290.011288
34325.251356  286.855561
34325.501556  292.851442
34325.501556  289.380143
34325.501556  279.281817
34325.761185  337.347189
34325.761185  292.220297
34325.761185  289.695715
34325.761185  279.281817
34325.761185  269.183491
34326.020186  282.437544
34326.020186  281.490826
34326.020186  278.650672
34326.020186  276.757236
34326.020186  276.757236
34326.020186  274.232654
34326.020186  274.232654
34326.020186  271.708073
34326.020186  271.708073
34326.020186  268.552346
34326.020186  266.658910
34326.270386  319.043974
34326.270386  290.011288
34326.270386  288.433425
34326.270386  283.068689
34326.270386  273.601509
34326.530015  324.724282
34326.530015  287.171134
34326.530015  285.908843
34326.530015  279.597390
34326.530015  279.281817
34326.530015  274.548227
34326.530015  266.027765
34326.789016  287.802279
34326.789016  285.593271
34326.789016  280.228535
34326.789016  273.285936
34327.039844  253.720430
34327.298845  285.593271
34327.298845  284.015407
34327.557846  286.539989
34327.808674  284.015407
34327.808674  281.490826
34327.808674  276.757236
34327.808674  271.708073
34327.808674  259.085166
34327.808674  258.769593
34328.067675  322.199701
34328.067675  281.806398
34328.067675  281.806398
34328.067675  278.335099
34328.067675  276.757236
34328.067675  274.232654
34328.067675  271.708073
34328.067675  271.708073
34328.067675  269.183491
34328.067675  269.183491
34328.067675  269.183491
34328.067675  266.343337
34328.067675  266.658910
34328.067675  264.134329
34328.067675  264.134329
34328.067675  264.134329
34328.067675  260.347457
34328.067675  259.085166
34328.318504  287.171134
34328.318504  284.962125
34328.318504  282.121971
34328.318504  282.121971
34328.318504  280.228535
34328.318504  280.544108
34328.318504  270.761355
34328.836505  281.175253
34329.087334  346.814369
34329.087334  277.072808
34329.087334  273.601509
34329.346335  279.597390
34329.346335  279.281817
34329.346335  275.494945
34329.346335  274.863800
34329.856164  274.232654
34330.115793  271.708073
34330.115793  266.658910
34330.115793  264.134329
34330.115793  261.609747
34330.374794  276.757236
34330.374794  273.917082
34330.884623  329.773445
34330.884623  278.650672
34331.134823  327.248864
34331.134823  271.708073
34331.134823  258.769593
34331.394453  282.437544
34331.394453  246.462259
34331.394453  243.937678
34331.653453  281.806398
34331.653453  267.605628
34331.653453  269.183491
34331.653453  266.658910
34331.653453  261.609747
34331.653453  251.511422
34331.653453  233.997138
34331.904282  291.589151
34331.904282  273.917082
34331.904282  259.085166
34331.904282  256.560585
34331.904282  253.720430
34331.904282  248.986840
34332.163283  277.072808
34332.163283  276.441663
34332.163283  266.658910
34332.163283  264.134329
34332.163283  264.134329
34332.163283  261.294175
34332.163283  256.560585
34332.163283  254.036003
34332.163283  250.880276
34332.163283  248.986840
34332.163283  246.462259
34332.292783  235.732788
34332.292783  235.259429
34332.292783  232.734848
34332.292783  231.472557
34332.292783  230.052480
34332.422283  289.695715
34332.422283  288.748997
34332.422283  286.855561
34332.422283  282.437544
34332.422283  280.228535
34332.422283  276.126090
34332.422283  271.392500
34332.422283  268.552346
34332.422283  266.027765
34332.673112  317.466111
34332.673112  314.625957
34332.673112  278.966244
34332.673112  266.658910
34333.182941  272.970364
34333.182941  271.392500
34333.441942  267.290055
34333.441942  256.560585
34333.700943  316.834965
34333.700943  264.134329
34333.951771  273.601509
34334.210772  289.380143
34334.469773  259.085166
34334.720601  271.708073
34334.720601  254.036003
34335.230431  238.888515
34335.489431  251.511422
34335.749061  261.294175
34335.749061  261.609747
34335.999261  251.195849
34336.258261  256.560585
34336.258261  254.036003
34336.258261  248.986840
34336.388391  236.521720
34336.517891  269.183491
34336.517891  261.925320
34336.517891  260.031884
34336.768091  266.658910
34337.027720  259.085166
34337.027720  248.986840
34337.157221  230.210266
34337.796550  285.277698
34337.796550  234.786070
34338.306380  284.015407
34338.306380  198.179640
34338.435880  233.997138
34338.686080  228.474616
34339.075210  279.597390
34339.334210  266.658910
34339.334210  233.050420
34339.334210  231.472557
34339.334210  210.802547
34339.455538  210.013615
34339.585039  256.560585
34339.585039  254.036003
34339.585039  246.146686
34339.585039  227.685685
34339.714539  195.812845
34339.714539  193.288263
34339.844040  276.441663
34339.844040  251.511422
34339.844040  241.413096
34339.844040  226.423394
34339.844040  225.161103
34339.844040  217.587359
34339.844040  193.761622
34339.973540  223.898813
34340.094868  269.183491
34340.094868  264.134329
34340.094868  243.937678
34340.224368  222.636522
34340.353869  243.937678
34340.353869  240.781951
34340.353869  238.888515
34340.353869  219.638582
34340.353869  215.062778
34340.353869  213.642701
34340.483369  236.363933
34340.483369  234.943856
34340.483369  232.419275
34340.483369  231.788130
34340.483369  221.374231
34340.483369  218.849650
34340.483369  216.167282
34340.483369  212.538196
34340.483369  192.341545
34340.612870  342.711925
34340.612870  337.978335
34340.612870  284.646553
34340.612870  282.121971
34340.612870  282.753116
34340.612870  279.912962
34340.612870  277.072808
34340.612870  274.548227
34340.612870  272.023646
34340.612870  271.392500
34340.612870  266.974483
34340.612870  265.396619
34340.612870  264.134329
34340.612870  260.031884
34340.612870  257.822875
34340.863698  340.818489
34340.863698  335.138180
34340.863698  302.949768
34340.863698  287.171134
34340.863698  281.175253
34340.863698  272.339218
34341.122699  333.560317
34341.122699  275.179372
34341.382328  330.404590
34341.382328  323.146419
34341.382328  301.056332
34341.632528  271.076928
34341.632528  256.245012
34341.891529  251.511422
34342.142357  253.404858
34342.401358  328.826727
34342.911188  325.986573
34343.170817  248.986840
34343.680018  246.462259
34343.680018  238.572942
34343.939647  320.937410
34343.939647  318.412829
34343.939647  241.413096
34344.189847  277.072808
34344.189847  235.101643
34344.959306  267.921201
34345.088806  236.363933
34345.218306  297.269460
34345.218306  260.663029
34345.477307  316.203820
34345.728136  236.521720
34345.987136  314.310384
34346.246137  308.630076
34346.246137  295.376023
34346.367465  235.259429
34346.496966  243.937678
34346.755967  294.429305
34346.755967  265.396619
34346.755967  225.476676
34346.885467  224.845531
34347.136295  230.683625
34347.136295  222.005377
34347.265796  306.736640
34347.265796  264.134329
34347.265796  255.298294
34347.265796  229.421334
34347.524797  228.947975
34347.775625  233.839352
34347.775625  223.898813
34347.775625  221.216445
34347.905125  233.997138
34348.034626  312.101375
34348.034626  227.685685
34348.164755  232.103702
34348.164755  232.734848
34348.164755  231.472557
34348.164755  219.638582
34348.294255  217.745146
34348.294255  216.482855
34348.544455  257.191730
34348.544455  218.849650
34348.544455  215.693923
34348.544455  215.062778
34348.804085  259.400739
34348.804085  257.191730
34348.804085  255.298294
34348.804085  246.146686
34348.804085  243.937678
34348.933585  230.210266
34349.054284  289.695715
34349.054284  261.925320
34349.054284  253.404858
34349.054284  220.427513
34349.054284  215.536137
34349.183785  222.478736
34349.313285  288.748997
34349.313285  227.843471
34349.313285  214.747205
34349.443414  227.527898
34349.443414  219.954154
34349.572915  228.947975
34349.572915  223.741026
34349.823114  253.089285
34349.953244  221.532018
34349.953244  217.587359
34349.953244  183.663297
34350.082744  251.195849
34350.082744  247.408977
34350.212244  220.585300
34350.212244  183.505510
34350.341745  251.511422
34350.341745  225.792249
34350.341745  220.111941
34350.462444  218.218505
34350.592573  241.413096
34350.722074  182.243220
34350.981074  213.169342
34351.231903  225.003317
34351.490904  223.583240
34351.620404  238.888515
34351.620404  214.904991
34351.749904  215.536137
34351.749904  212.222624
34351.871233  180.823143
34352.000733  179.560852
34352.130233  216.482855
34352.259734  211.275906
34353.158064  226.896753
34353.408893  248.986840
34353.408893  208.435752
34353.798022  209.698042
34353.798022  178.298561
34354.048222  225.792249
34354.566853  212.853769
34354.687552  224.687744
34355.076682  211.433692
34355.076682  211.118119
34355.716011  209.698042
34356.225841  177.036270
34356.484842  208.435752
34356.484842  207.173461
34356.865170  206.226743
34356.994671  254.351576
34356.994671  251.826994
34356.994671  247.093404
34356.994671  244.253250
34356.994671  175.931766
34357.253672  243.306532
34357.253672  240.150805
34357.253672  236.995079
34357.504500  250.564704
34357.763501  206.542316
34358.661831  199.757503
34359.422489  203.702161
34359.810990  244.884396
34359.810990  204.964452
34360.191319  202.282084
34360.320820  201.019794
34360.579820  243.937678
34362.118109  199.284144
34362.878138  197.075135
34363.647597  193.603836
34364.416427  284.646553
34364.416427  240.466378
34365.185257  198.652999
34365.444258  232.892634
34365.573758  232.734848
34366.334416  234.154925
34366.334416  197.390708
34366.334416  185.398946
34366.463916  196.128417
34366.593417  194.866127
34366.593417  190.921468
34367.492376  189.185818
34367.742576  188.554673
34369.030036  237.310651
34369.030036  192.341545
34369.410365  187.292382
34369.539865  236.048361
34369.790065  230.525839
34371.077525  229.263548
34371.198853  228.947975
34372.356185  227.527898
34372.486314  223.741026
34372.736514  226.423394
34372.736514  225.161103
34372.866014  222.478736
34373.125643  219.954154
34373.375843  221.058659
34373.375843  217.745146
34373.375843  205.753384
34373.375843  204.491093
34373.375843  195.023913
34373.505344  210.960333
34373.635473  216.956214
34373.635473  207.489034
34373.635473  201.493153
34373.764973  215.220564
34373.764973  200.230862
34373.764973  199.599717
34373.894474  210.013615
34373.894474  194.077195
34373.894474  193.603836
34374.144673  214.431632
34374.404303  220.111941
34374.404303  198.652999
34374.404303  191.237041
34374.533803  213.327128
34374.533803  203.702161
34374.654503  197.075135
34374.914132  189.974750
34375.043632  212.380410
34375.043632  189.816964
34375.423961  217.271787
34375.423961  188.554673
34375.553462  186.030092
34375.553462  184.452228
34375.682962  187.292382
34376.063291  183.505510
34376.063291  182.243220
34376.961621  215.851709
34378.110780  208.593538
34381.445730  218.376291
34383.493220  215.062778
34386.430867  212.695983
34386.560367  212.222624
34386.819997  211.275906
36650.750460  80.471032
38985.476783  815.439791
39542.402700  224.214385
42294.527683  332.613599
42294.787313  342.711925
42294.787313  337.347189
42294.787313  331.982454
42298.623291  342.711925
42298.882292  326.933291
42299.651750  340.502916
42299.910751  370.482320
42301.189411  368.273311
42301.699240  357.859413
42301.958241  365.433157
42302.468070  355.334832
42302.468070  327.564436
42302.718898  363.855294
42302.718898  360.383994
42302.718898  327.880009
42302.718898  325.039855
42302.977899  353.125823
42302.977899  350.916814
42302.977899  348.707806
42302.977899  345.552079
42302.977899  337.662762
42302.977899  336.400471
42302.977899  332.929172
42302.977899  331.035736
42302.977899  325.039855
42302.977899  322.830846
42302.977899  321.884128
42302.977899  318.728401
42302.977899  317.150538
42302.977899  314.625957
42303.236900  365.433157
42303.236900  363.224149
42303.236900  355.334832
42303.236900  353.125823
42304.006359  357.859413
42304.515559  360.699567
42304.515559  351.232387
42304.775189  348.076660
42305.025388  335.138180
42305.025388  316.519393
42305.025388  313.363666
42305.025388  312.101375
42305.285018  333.560317
42305.794219  331.982454
42306.304048  322.515274
42306.304048  314.941529
42306.563677  327.880009
42306.563677  323.461992
42306.563677  321.884128
42306.563677  313.048093
42307.073507  325.039855
42307.073507  321.568555
42307.073507  318.728401
42307.073507  312.101375
42307.073507  309.261221
42307.332507  325.039855
42307.582707  332.613599
42308.101337  345.552079
42308.101337  330.404590
42308.352166  322.830846
42308.611167  328.195582
42308.870167  312.416948
42309.120996  319.990692
42309.120996  312.101375
42309.120996  307.998930
42309.120996  309.576794
42309.379997  320.306265
42309.630825  343.027497
42309.630825  318.097256
42309.889826  340.187343
42309.889826  335.453753
42310.148827  314.941529
42310.399655  338.609480
42310.918286  315.572675
42311.168485  322.515274
42311.168485  322.199701
42311.168485  317.466111
42311.168485  313.363666
42311.168485  309.892367
42311.168485  309.576794
42311.168485  307.052212
42311.168485  306.421067
42311.428115  347.761087
42311.428115  345.236506
42311.428115  327.564436
42311.428115  322.515274
42311.428115  319.990692
42311.687116  343.343070
42311.687116  340.187343
42311.687116  338.609480
42311.687116  332.613599
42311.937315  336.400471
42311.937315  331.982454
42311.937315  317.781683
42312.447145  325.039855
42312.447145  314.941529
42312.447145  304.527631
42312.706774  350.601242
42312.965775  305.474349
42313.216603  318.412829
42313.216603  315.257102
42313.216603  313.048093
42313.216603  312.732521
42313.216603  309.892367
42313.216603  307.367785
42313.216603  306.105494
42313.216603  307.052212
42313.216603  304.527631
42313.216603  302.318622
42313.216603  301.687477
42313.216603  301.371904
42313.216603  299.162896
42313.734605  302.318622
42314.244434  304.843204
42314.495263  317.466111
42314.495263  301.056332
42315.013264  310.839085
42315.013264  309.576794
42315.264093  314.941529
42315.264093  312.416948
42315.264093  309.892367
42315.264093  307.367785
42315.264093  304.843204
42315.264093  304.212058
42315.264093  303.265340
42315.264093  302.003050
42315.264093  299.162896
42315.264093  296.953887
42315.264093  294.429305
42315.523094  312.416948
42316.032923  309.892367
42316.291924  302.318622
42316.542752  307.367785
42316.801753  298.216178
42317.061382  305.789922
42317.061382  297.269460
42317.311582  314.310384
42317.311582  304.843204
42317.311582  302.949768
42317.311582  304.527631
42317.311582  302.949768
42317.311582  302.003050
42317.311582  301.056332
42317.311582  299.162896
42317.311582  297.585032
42317.311582  296.953887
42317.311582  296.953887
42317.311582  294.429305
42317.311582  291.904724
42317.311582  288.748997
42317.570583  309.892367
42317.570583  307.367785
42317.830212  307.367785
42317.830212  300.425186
42317.830212  296.322742
42318.080412  305.789922
42318.340042  304.843204
42318.340042  295.376023
42318.590241  303.580913
42319.108872  300.109614
42319.108872  298.531750
42319.359072  302.949768
42319.359072  302.949768
42319.359072  302.003050
42319.359072  300.109614
42319.359072  297.269460
42319.359072  294.744878
42319.359072  296.953887
42319.359072  294.429305
42319.359072  294.113733
42319.359072  291.904724
42319.359072  289.380143
42319.359072  286.855561
42319.359072  284.330980
42319.618701  335.138180
42319.618701  332.613599
42319.618701  330.089018
42319.618701  325.039855
42319.618701  323.461992
42319.618701  321.252983
42319.618701  317.466111
42319.618701  314.941529
42319.618701  312.416948
42319.618701  309.892367
42319.618701  307.367785
42319.618701  304.843204
42319.618701  304.843204
42319.618701  304.212058
42319.618701  302.634195
42319.618701  300.109614
42319.618701  297.269460
42319.618701  298.216178
42319.877702  327.564436
42319.877702  297.269460
42319.877702  296.638314
42320.387531  296.638314
42320.646532  301.056332
42320.646532  296.638314
42320.646532  293.482587
42320.646532  293.798160
42320.897360  298.531750
42320.897360  292.220297
42320.897360  291.904724
42320.897360  289.380143
42321.156361  292.851442
42321.156361  286.855561
42321.407190  296.007169
42321.407190  293.798160
42321.407190  291.273579
42321.407190  288.748997
42321.407190  286.855561
42321.407190  284.330980
42321.407190  281.806398
42321.407190  281.806398
42321.666190  297.269460
42321.666190  294.744878
42321.666190  294.429305
42321.666190  290.011288
42321.666190  289.380143
42321.925191  294.744878
42321.925191  292.535869
42322.176020  301.056332
42322.176020  291.904724
42322.435020  292.535869
42322.435020  291.273579
42322.694650  290.958006
42322.694650  289.380143
42322.694650  278.335099
42322.944850  295.060451
42322.944850  290.326861
42322.944850  284.330980
42323.203851  294.744878
42323.203851  290.642433
42323.203851  289.064570
42323.203851  284.962125
42323.203851  278.966244
42323.454679  286.855561
42323.454679  286.855561
42323.454679  284.330980
42323.454679  281.806398
42323.454679  281.806398
42323.454679  279.281817
42323.454679  276.757236
42323.454679  273.917082
42323.713680  298.847323
42323.713680  297.585032
42323.713680  294.744878
42323.713680  292.535869
42323.713680  290.958006
42323.713680  289.064570
42323.713680  287.171134
42323.713680  286.539989
42323.973309  294.744878
42323.973309  286.855561
42324.223509  287.486707
42324.223509  286.539989
42324.223509  281.806398
42324.483139  277.703954
42324.483139  276.757236
42324.483139  274.232654
42324.742139  292.220297
42324.742139  276.757236
42324.742139  271.708073
42325.251969  292.220297
42325.251969  291.589151
42325.251969  288.748997
42325.251969  281.806398
42325.251969  279.281817
42325.251969  275.810518
42325.251969  274.232654
42325.251969  271.392500
42325.502168  294.429305
42325.502168  290.326861
42325.502168  290.326861
42325.502168  286.224416
42325.502168  284.646553
42325.502168  284.330980
42325.502168  283.699835
42325.502168  281.806398
42325.502168  279.281817
42325.502168  276.757236
42325.502168  273.917082
42325.502168  271.708073
42325.502168  268.867919
42325.502168  268.867919
42325.502168  266.658910
42325.502168  266.343337
42325.502168  264.134329
42325.502168  261.609747
42325.761798  287.171134
42325.761798  285.593271
42326.020799  281.490826
42326.530628  284.330980
42326.530628  278.650672
42326.530628  271.708073
42326.789629  295.376023
42326.789629  282.437544
42326.789629  276.757236
42326.789629  273.285936
42327.040457  281.806398
42327.299458  284.330980
42327.299458  281.490826
42327.299458  279.281817
42327.299458  271.708073
42327.299458  269.183491
42327.299458  266.658910
42327.299458  265.712192
42327.299458  261.925320
42327.299458  261.609747
42327.299458  256.876157
42327.299458  254.982721
42327.299458  246.462259
42327.299458  242.990959
42327.558459  291.904724
42327.558459  279.281817
42327.558459  276.757236
42327.558459  274.232654
42327.558459  256.560585
42327.809287  302.318622
42327.809287  299.794041
42327.809287  297.269460
42327.809287  294.744878
42327.809287  293.798160
42327.809287  291.273579
42327.809287  288.748997
42327.809287  288.117852
42327.809287  285.277698
42327.809287  282.121971
42327.809287  281.806398
42327.809287  281.806398
42327.809287  255.929439
42328.068288  279.281817
42328.068288  268.867919
42328.068288  265.396619
42328.068288  254.036003
42328.319116  279.281817
42328.319116  266.658910
42328.578117  264.134329
42329.087947  254.036003
42329.346947  258.138448
42329.606577  286.855561
42329.606577  281.175253
42329.606577  276.757236
42329.856777  264.134329
42330.116406  274.232654
42330.116406  266.658910
42330.625607  276.757236
42330.625607  271.708073
42330.885236  279.281817
42330.885236  261.609747
42330.885236  251.511422
42331.135436  275.810518
42331.395065  269.183491
42331.395065  261.609747
42331.654066  264.134329
42331.654066  261.609747
42331.654066  250.564704
42331.904895  277.703954
42331.904895  276.441663
42331.904895  273.601509
42331.904895  271.392500
42331.904895  266.658910
42331.904895  264.134329
42331.904895  256.560585
42331.904895  242.044241
42331.904895  241.413096
42331.904895  238.257369
42332.163895  274.232654
42332.163895  269.183491
42332.163895  264.134329
42332.163895  258.769593
42332.163895  250.880276
42332.673725  283.384262
42332.673725  271.708073
42332.932726  259.085166
42333.442555  248.671268
42333.952384  248.986840
42334.721214  269.183491
42334.721214  256.560585
42334.980215  261.609747
42335.231043  251.511422
42335.231043  246.462259
42335.231043  236.206147
42335.490044  254.036003
42335.879174  235.101643
42335.879174  233.839352
42335.879174  232.577061
42335.999873  297.269460
42335.999873  292.220297
42335.999873  289.695715
42335.999873  287.171134
42335.999873  282.121971
42335.999873  279.597390
42335.999873  279.281817
42336.258874  295.060451
42336.258874  276.441663
42337.028333  285.277698
42337.028333  272.970364
42337.538162  271.708073
42338.565993  266.658910
42339.075822  269.183491
42339.326651  261.294175
42339.585652  263.818756
42340.354482  258.769593
42340.354482  256.245012
42340.354482  243.622105
42340.864311  240.781951
42341.382941  254.036003
42341.633141  250.880276
42341.633141  248.671268
42341.633141  246.462259
42342.142970  238.572942
42348.294868  234.154925
42348.415568  233.997138
42348.674568  232.419275
42349.313898  235.732788
42349.444027  230.525839
42349.823727  229.894693
42349.953856  227.843471
42350.083357  227.527898
42350.593186  226.423394
42351.102387  225.161103
42352.260347  223.898813
42352.389847  246.462259
42352.389847  241.728669
42352.389847  240.466378
42352.389847  237.626224
42352.511175  220.900872
42352.511175  214.116060
42352.640675  246.777832
42352.899676  219.954154
42353.029177  208.593538
42353.159306  217.587359
42353.280005  222.636522
42353.409505  206.857888
42353.668506  215.693923
42353.668506  206.068957
42353.798635  218.849650
42354.048835  204.648880
42354.178336  213.800487
42354.558664  202.755443
42354.558664  198.968571
42354.688165  211.433692
42354.688165  202.439871
42354.688165  197.548494
42354.817665  211.275906
42355.206795  210.013615
42355.327494  201.177580
42355.456995  196.286204
42355.456995  196.128417
42355.587124  189.974750
42356.096325  194.866127
42357.764114  223.109881
42358.403443  222.320949
42367.103859  192.972691
42367.492989  192.341545
42368.512019  254.667148
42368.512019  210.802547
42368.642148  209.855829
42368.642148  207.015675
42368.771648  220.427513
42368.771648  218.060718
42368.771648  216.956214
42368.771648  214.904991
42368.901148  211.907051
42369.030649  219.954154
42369.030649  216.325068
42369.410978  213.484914
42370.050307  251.826994
42370.689637  207.804606
42370.819137  250.880276
42371.587968  206.226743
42371.968296  204.806666
42372.097797  203.702161
42373.126256  270.130210
42373.126256  202.124298
42374.914745  257.191730
42375.683575  267.605628
42375.683575  247.093404
42376.193404  236.995079
42376.452405  236.521720
42377.472064  265.712192
42377.472064  244.253250
42377.731064  262.872038
42377.731064  261.609747
42377.731064  243.622105
42377.860565  234.312711
42378.240894  233.523779
42378.240894  231.630343
42378.630023  231.314771
42379.009724  241.413096
42379.398854  229.894693
42380.418512  228.001257
42380.677513  216.798427
42380.798212  226.738967
42380.798212  225.318890
42380.927713  216.325068
42381.057842  224.056599
42381.446343  223.583240
42382.336501  221.532018
42382.466001  221.216445
42382.975831  220.111941
42383.105331  218.376291
42383.105331  214.116060
42383.105331  212.064837
42383.234832  213.800487
42383.364332  207.331247
42383.493832  205.280025
42383.615160  211.275906
42384.133162  187.765741
42384.263291  210.013615
42384.263291  208.593538
42384.263291  183.505510
42384.383990  187.292382
42385.662650  203.859948
42385.921651  203.386589
42385.921651  202.439871
42386.181280  200.230862
42386.560980  198.968571
42386.820610  185.083374
42387.070809  198.021853
42387.070809  184.452228
42387.330439  197.390708
42387.330439  174.353903
42387.330439  169.462526
42387.330439  162.046568
42387.710139  196.128417
42387.710139  177.982989
42388.099269  193.919409
42388.099269  177.036270
42388.228769  193.446050
42388.228769  167.884663
42388.479598  192.025973
42388.997599  172.302680
42389.377928  175.142834
42389.377928  164.571150
42389.507429  182.243220
42390.017258  163.308859
42390.276259  190.763682
42390.276259  189.501391
42390.786088  180.349784
42391.045718  179.718638
42392.574577  171.198176
42392.704077  170.882603
42392.704077  166.937945
42393.343407  160.310919
42393.603036  165.833441
42393.732537  159.521987
