0 1 17 18 72 73 91 92 93 94 95 
10 34 35 44 45 46 47 53 54 69 70 88 89 
15 16 26 32 33 43 52 67 68 83 84 85 86 87 
120 121 125 128 131 136 137 142 143 151 153 
152 158 165 167 168 172 177 178 183 184 
191 192 201 208 209 212 220 221 222 223 229 238 241 248 251 252 253 255 262 266 268 269 271 277 294 302 303 321 341 342 343 344 347 348 356 357 359 360 361 363 364 365 366 367 368 369 373 374 375 376 377 379 380 
194 196 197 198 199 203 206 210 211 213 214 219 
216 217 225 226 227 228 230 232 235 236 242 243 244 254 256 257 258 259 263 264 267 270 274 275 276 280 281 282 286 287 288 290 291 292 297 298 299 307 316 317 331 332 345 349 
239 245 250 265 283 293 300 301 308 318 333 334 
260 273 279 305 306 313 314 315 322 323 324 325 326 327 328 329 330 
207 231 240 246 247 284 289 309 310 311 319 320 335 336 
338 339 340 350 351 352 354 358 370 371 372 
397 398 401 404 412 413 425 426 428 437 451 
612 613 627 671 767 768 781 800 811 816 
761 762 763 764 779 780 790 791 797 798 799 809 
751 752 753 754 755 756 757 776 777 778 808 815 824 827 828 835 
482 527 555 771 783 792 801 802 829 832 840 
505 511 628 672 772 773 810 818 846 848 855 867 
429 430 452 475 478 506 512 597 629 630 673 
485 486 500 513 520 536 543 573 574 632 
427 434 435 436 438 441 442 443 447 453 454 469 476 490 494 495 507 521 523 547 566 576 633 
477 479 488 496 501 537 545 601 607 615 620 
460 461 464 468 471 481 489 491 497 498 
508 514 515 524 530 531 550 578 588 608 622 623 636 637 651 698 
567 595 638 652 662 678 679 686 687 699 708 
567 595 638 652 662 678 679 686 687 699 708 
919 925 926 927 928 930 935 937 942 944 945 946 947 949 954 961 965 966 968 982 987 1000 1002 1009 1012 1013 1014 1018 
919 925 926 927 928 930 935 937 942 944 945 946 947 949 954 961 965 966 968 982 987 1000 1002 1009 1012 1013 1014 1018 
964 967 969 970 971 972 974 976 977 979 980 
964 967 969 970 971 972 974 976 977 979 980 
1055 1056 1060 1063 1064 1065 1071 1072 1075 1076 1077 1078 1079 1083 1084 
869 873 874 875 880 882 905 913 922 923 924 929 931 933 936 
1049 1051 1054 1057 1058 1059 1062 1066 1067 1068 1069 1070 1073 1074 
1096 1097 1098 1099 1101 1103 1104 1109 1111 1112 
1169 1172 1174 1178 1179 1184 1195 1215 1222 1230 1235 1236 1238 1241 1247 1251 1252 
1169 1172 1174 1178 1179 1184 1195 1215 1222 1230 1235 1236 1238 1241 1247 1251 1252 
1271 1288 1301 1302 1309 1313 1338 1339 1341 1349 1361 1385 1398 1399 1405 1414 1418 1427 1432 1444 1453 1472 1481 1482 1483 1484 1485 1495 1506 1550 1551 1552 1553 1554 1555 1556 
1314 1317 1330 1333 1362 1367 1375 1416 1428 1486 1508 1560 
1314 1317 1330 1333 1362 1367 1375 1416 1428 1486 1508 1560 
1455 1496 1497 1498 1528 1529 1530 1561 1562 1563 1564 1565 1566 1567 1568 1569 1632 1633 1634 1646 1647 
1240 1242 1243 1244 1245 1260 1264 1266 1267 1268 1270 1272 1273 1274 1279 1282 1283 1284 1285 1286 1292 1298 1304 1305 1350 1351 1353 1355 1360 1364 1365 1369 1370 1372 1373 1376 1377 1379 1387 1388 1390 1391 1392 1393 1401 1402 1409 1430 1436 1437 1447 1503 1504 1510 1511 1516 1517 1518 1538 1539 1540 1572 1573 1574 1575 1576 1586 1587 1588 1589 1590 1591 
1240 1242 1243 1244 1245 1260 1264 1266 1267 1268 1270 1272 1273 1274 1279 1282 1283 1284 1285 1286 1292 1298 1304 1305 1350 1351 1353 1355 1360 1364 1365 1369 1370 1372 1373 1376 1377 1379 1387 1388 1390 1391 1392 1393 1401 1402 1409 1430 1436 1437 1447 1503 1504 1510 1511 1516 1517 1518 1538 1539 1540 1572 1573 1574 1575 1576 1586 1587 1588 1589 1590 1591 
1289 1290 1293 1294 1299 1315 1316 1321 1332 1334 1337 1342 1346 1347 1352 1357 1366 1378 1380 1381 1394 1403 1404 1408 1410 1411 1419 1420 1422 1423 1424 1431 1433 1434 1435 1439 1440 1441 1448 1449 1450 1451 1452 1457 1458 1459 1460 1461 1462 1463 1464 1465 1466 1467 1475 1476 1477 1478 1479 1480 1487 1488 1489 1490 1491 1500 1501 1502 1505 1512 1513 1514 1515 1519 1520 1521 1522 1535 1536 1537 1543 1544 1545 1546 1547 1548 1549 1579 1580 1581 1582 1583 1584 1585 1593 1594 1595 1596 1597 1598 1599 
1310 1311 1312 1318 1320 1324 1336 1343 1356 1374 1406 1407 1417 1421 1438 1456 1499 1533 1534 1541 1542 1577 1578 1592 
1706 1708 1709 1710 1711 1712 1714 1716 1717 1718 1719 1720 1721 1722 1723 1724 1725 1726 1727 1728 1730 1731 1732 1733 1734 1735 1736 1737 1738 1739 1741 1742 1743 1745 1746 1747 1749 1750 1751 1752 1753 1755 1756 1757 1759 1761 1762 1763 1764 1765 1769 1770 1771 1772 1773 1774 1779 1780 1783 1784 1786 1788 1789 1790 1791 1792 1793 1794 1796 
1706 1708 1709 1710 1711 1712 1714 1716 1717 1718 1719 1720 1721 1722 1723 1724 1725 1726 1727 1728 1730 1731 1732 1733 1734 1735 1736 1737 1738 1739 1741 1742 1743 1745 1746 1747 1749 1750 1751 1752 1753 1755 1756 1757 1759 1761 1762 1763 1764 1765 1769 1770 1771 1772 1773 1774 1779 1780 1783 1784 1786 1788 1789 1790 1791 1792 1793 1794 1796 
986 997 1001 1004 1007 1023 1024 1032 1036 1040 1042 
962 983 985 990 996 999 1006 1016 1044 1050 1052 1061 1080 1081 
1115 1116 1117 1123 1126 1130 1131 1132 1136 1137 1138 1139 1140 1141 1142 1144 1146 1147 1148 1149 1154 1162 
1176 1181 1182 1189 1205 1206 1212 1223 1228 1231 
1188 1191 1204 1216 1219 1220 1234 1257 1261 1287 1291 
1395 1425 1468 1469 1523 1630 1631 1643 1644 1657 1667 
1395 1425 1468 1469 1523 1630 1631 1643 1644 1657 1667 
1867 1869 1871 1873 1874 1882 1886 1887 1888 1889 1893 1897 1898 1901 
1934 1937 1939 1940 1941 1942 1945 1946 1947 1948 
1949 1950 1951 1952 1959 1960 1961 1984 1987 1993 2008 
1962 1978 1979 1981 1990 1994 1998 1999 2002 2005 2013 2034 2035 2044 2046 2047 2048 2054 2055 2057 2058 2059 2061 2066 2070 2071 2073 2078 2079 2082 2083 2085 2089 2090 2092 2095 2105 2114 2124 2129 2132 2155 2180 2183 2185 2197 2200 2203 2209 2226 
1615 1616 1617 1618 1619 1638 1648 1649 1655 1662 
2010 2014 2015 2018 2019 2020 2023 2024 2036 2040 
2010 2014 2015 2018 2019 2020 2023 2024 2036 2040 
1989 1991 1992 1995 1996 2003 2004 2009 2011 2016 2021 2022 2025 2026 2027 2028 2029 2030 2033 2037 2042 2045 2051 2056 2074 2076 2086 2093 2094 
2288 2291 2292 2293 2306 2316 2324 2331 2333 2334 2335 2337 2342 2345 2346 2348 2356 2357 2359 2361 2364 2372 
2288 2291 2292 2293 2306 2316 2324 2331 2333 2334 2335 2337 2342 2345 2346 2348 2356 2357 2359 2361 2364 2372 
2210 2211 2213 2222 2225 2231 2234 2235 2240 2241 
2210 2211 2213 2222 2225 2231 2234 2235 2240 2241 
2454 2460 2461 2462 2463 2464 2465 2466 2467 2468 2469 2471 2472 2473 2474 2475 2476 2484 2489 2490 2511 2512 2513 2515 2516 2518 2521 2522 2523 2527 2528 2530 2531 2534 2536 2537 2538 2539 2542 2543 2547 2566 2567 2568 
2517 2519 2520 2524 2525 2529 2533 2535 2540 2541 2544 2545 2548 2551 
2427 2428 2432 2434 2437 2438 2439 2440 2442 2443 2445 2446 2447 2448 2450 2456 2458 2459 
2478 2481 2482 2483 2486 2487 2488 2493 2494 2495 2496 2497 2498 2502 2505 2506 2507 2508 2510 
2526 2532 2550 2552 2553 2554 2555 2556 2557 2558 2559 2560 2561 2562 2564 2565 2569 2570 2571 2572 2573 2574 
2096 2098 2099 2100 2101 2102 2103 2107 2108 2109 2111 2118 2119 2123 2130 2131 2134 2139 2141 2142 2143 2145 2146 2149 2150 
2191 2192 2196 2201 2202 2204 2205 2217 2227 2229 2230 2232 2233 2237 
2168 2169 2170 2172 2173 2174 2175 2176 2177 2178 2179 2181 2182 2184 2187 2188 2189 2190 2193 2194 2212 2220 2221 2223 2224 2228 2238 2239 2243 2244 2245 2249 2250 2251 
2168 2169 2170 2172 2173 2174 2175 2176 2177 2178 2179 2181 2182 2184 2187 2188 2189 2190 2193 2194 2212 2220 2221 2223 2224 2228 2238 2239 2243 2244 2245 2249 2250 2251 
2031 2032 2038 2039 2041 2043 2049 2050 2052 2053 2062 2063 2064 2065 2068 2069 2077 2080 2081 2084 2087 2088 2091 2106 2112 2113 2121 
1799 1801 1802 1803 1804 1805 1807 1808 1809 1812 1813 1814 1815 1816 1817 1818 1819 1820 1821 1822 1823 1824 1825 1826 1827 1828 1829 1830 1831 1832 1833 1834 1835 1839 1842 1843 1847 1848 1849 1850 1856 1858 1859 1861 1862 1863 
1799 1801 1802 1803 1804 1805 1807 1808 1809 1812 1813 1814 1815 1816 1817 1818 1819 1820 1821 1822 1823 1824 1825 1826 1827 1828 1829 1830 1831 1832 1833 1834 1835 1839 1842 1843 1847 1848 1849 1850 1856 1858 1859 1861 1862 1863 
518 532 538 539 553 559 562 568 571 584 590 591 592 593 603 604 605 606 609 610 611 616 617 624 626 639 640 641 647 653 654 655 656 663 664 665 666 681 688 689 690 701 709 710 711 712 713 714 715 716 717 
499 503 504 516 517 525 526 533 534 541 565 570 582 596 619 625 657 661 668 669 670 695 703 
546 560 561 564 569 581 583 585 594 618 642 643 644 645 648 649 658 659 660 667 682 684 685 691 692 693 694 696 697 702 704 705 706 707 719 720 721 722 723 724 725 726 727 728 729 730 731 732 733 734 735 
546 560 561 564 569 581 583 585 594 618 642 643 644 645 648 649 658 659 660 667 682 684 685 691 692 693 694 696 697 702 704 705 706 707 719 720 721 722 723 724 725 726 727 728 729 730 731 732 733 734 735 
1890 1892 1894 1895 1896 1899 1900 1902 1903 1906 1907 1908 1909 1910 1911 1915 1917 1920 1922 1926 
1905 1912 1916 1918 1919 1921 1923 1924 1925 1927 1928 
1905 1912 1916 1918 1919 1921 1923 1924 1925 1927 1928 
2658 2660 2661 2662 2663 2664 2665 2666 2667 2669 2672 2673 2674 2675 2682 2686 2690 2693 2694 2695 2697 2700 2716 2720 2722 2723 2724 2725 2727 2728 
2677 2678 2679 2689 2691 2696 2698 2699 2706 2721 
2681 2683 2684 2685 2687 2688 2692 2701 2702 2703 2704 2705 2707 2708 2709 2710 2711 2712 2713 2714 2715 2719 
2731 2732 2734 2735 2736 2737 2738 2739 2740 2741 2742 2743 2744 2745 2746 2747 2748 2749 2750 2751 2752 2753 2754 2755 2756 2757 2758 2759 
2774 2776 2777 2778 2779 2781 2783 2787 2788 2795 2796 2798 
1956 1958 1963 1964 1966 1967 1971 1997 2000 2001 2017 
2327 2328 2362 2366 2370 2377 2387 2396 2402 2403 
2260 2261 2262 2263 2297 2298 2299 2319 2367 2368 
2275 2276 2277 2278 2279 2300 2301 2302 2307 2308 2314 2315 2332 2336 2338 2340 
2282 2283 2284 2285 2286 2287 2289 2290 2303 2304 2305 2309 2322 2323 2330 2339 2341 2347 2355 2358 2360 2363 2375 2381 2397 2399 2408 2411 2413 2414 2418 2419 2425 2433 2444 2453 2455 2457 
2480 2509 2514 2546 2549 2563 2575 2576 2577 2578 2579 2580 2581 2582 2583 2584 2585 2586 2587 2588 2589 2590 
2623 2627 2635 2636 2638 2642 2643 2645 2646 2648 
2252 2253 2254 2255 2256 2257 2294 2295 2310 2311 2317 2318 2349 2350 2353 2376 2386 2398 2415 
2312 2343 2351 2369 2379 2435 2441 2452 2470 2477 2479 
2775 2780 2782 2784 2789 2790 2791 2792 2793 2794 2797 2799 
2801 2805 2807 2808 2809 2811 2813 2815 2816 2819 2821 2822 2823 2824 2825 2826 2827 2828 2829 2830 2831 2832 
2838 2839 2840 2841 2842 2843 2844 2845 2846 2847 2848 2849 2850 2851 2852 2853 2859 2860 2861 2862 2863 
2838 2839 2840 2841 2842 2843 2844 2845 2846 2847 2848 2849 2850 2851 2852 2853 2859 2860 2861 2862 2863 
2871 2872 2874 2879 2883 2884 2885 2886 2887 2889 2890 2891 2892 2893 
2871 2872 2874 2879 2883 2884 2885 2886 2887 2889 2890 2891 2892 2893 
2649 2650 2651 2653 2654 2655 2656 2657 2659 2668 2670 2671 2680 
2649 2650 2651 2653 2654 2655 2656 2657 2659 2668 2670 2671 2680 
1606 1607 1608 1609 1610 1611 1612 1613 1614 1636 1637 1654 1659 1660 1661 1665 1674 1679 1683 1684 1687 1689 1690 1691 1692 1695 1696 1702 1704 1707 1713 1748 1754 1760 1768 1778 1798 1800 1806 1844 1864 1865 1866 1870 1879 1913 1914 
2896 2923 2933 2963 2974 2989 3002 3008 3015 3021 3030 
2901 2924 2934 2954 2955 2965 2966 2975 3012 3022 3025 3033 
2904 2905 2906 2907 2908 2917 2918 2919 2925 2930 2935 2936 2938 2939 2945 2946 2947 2948 2949 2950 2956 2959 2960 2961 2967 2968 2971 2976 2977 2978 2980 2982 2983 2986 2991 2992 2993 2994 3001 3007 3009 
2909 2910 2911 2912 2913 2920 2921 2926 2927 2928 2937 2940 2941 2957 2958 2969 2970 2972 
2914 2931 2990 2995 2996 2997 3004 3019 3053 3058 3059 3060 3061 3062 3063 3064 3065 
2915 2916 2922 2929 2932 2944 2951 2952 2953 2962 2979 
2915 2916 2922 2929 2932 2944 2951 2952 2953 2962 2979 
3070 3071 3072 3073 3074 3075 3076 3077 3078 3079 3080 3081 3082 3083 3084 3085 3086 3087 3088 3089 3090 3091 3092 3093 3094 3095 3096 3097 3099 3102 3104 3105 3106 3107 3108 3109 3110 3111 3112 3113 3115 3116 3117 3118 3119 3120 3121 3122 3123 3124 3125 3126 3127 3128 3129 3130 3131 3132 3133 3134 3135 3136 3137 3138 3139 3140 3141 3143 3145 3146 3147 3151 3152 3153 3155 3156 3157 3158 3159 3160 3161 3162 3163 3164 3165 3166 3167 3168 3169 3170 3171 3172 3173 3174 3175 3176 3177 3178 3179 3180 3181 3182 3183 3184 3185 3186 3187 3188 3189 3190 3191 3192 3193 3194 
3195 3196 3197 3198 3199 3200 3201 3202 3203 3204 3205 3206 3208 3209 3210 3211 3212 3213 3214 3215 3216 3219 3220 3221 3224 3227 3230 3234 3236 3241 3244 3248 3249 3250 3258 3261 3264 3267 3271 3272 3274 3275 3278 3280 3281 3283 3285 3286 3297 
3207 3217 3218 3222 3223 3225 3226 3228 3229 3231 3232 3233 3235 3237 3238 3239 3240 3242 3243 3245 3246 3247 3251 3252 3253 3254 3255 3256 3257 3259 3260 3262 3263 3265 3266 3268 3269 3270 3273 3276 3277 3279 3282 3284 3287 3288 3289 3290 3291 3292 3293 3294 3295 3296 3298 3299 3300 3301 3302 3303 3304 3305 3306 3307 3308 3309 3310 3311 3312 3313 3314 3315 3316 
736 737 738 739 740 741 784 785 786 803 812 813 814 819 820 834 
787 804 851 853 906 920 948 950 951 957 
742 743 821 864 866 908 911 1047 1085 1086 1087 1088 
4 5 12 13 14 19 28 29 30 31 36 37 49 50 51 55 74 75 76 77 78 79 80 81 100 101 102 103 104 105 106 107 108 109 110 111 112 113 114 115 116 117 
6 7 8 20 21 22 23 38 39 40 56 57 58 59 60 118 119 122 123 124 126 127 129 130 132 133 134 135 138 139 140 141 144 145 146 147 148 154 155 156 160 163 169 170 173 174 175 176 179 180 181 186 187 188 193 195 202 218 233 237 249 261 285 337 346 353 355 362 378 381 
3325 3326 3327 3328 3329 3330 3331 3332 3333 3334 3335 3336 3337 3338 3339 3340 3341 3342 3343 3344 3345 3346 3347 3348 3349 3350 3351 3352 3353 3354 3355 3356 3357 3358 3359 3360 3361 3362 3363 3364 3365 3366 3367 3368 3369 3370 3371 3372 3373 3374 3375 3376 3377 3378 3379 3380 3381 3382 3383 3384 3385 3386 3387 3388 3389 3390 3391 3392 3393 3394 3395 3396 3397 3398 3399 3400 3401 3402 3403 3404 3405 3406 3407 3408 3409 3410 3411 3412 3413 3414 3415 3416 3417 3418 3419 3420 3421 3422 3423 3424 3425 3426 3427 3428 3429 3430 3431 3432 3433 3434 3435 3436 3437 3438 3439 3440 3441 3442 3443 3444 3445 3446 3447 3448 3449 3450 3451 3452 3453 3454 3455 3456 3457 3458 3459 3460 3461 3462 3463 3464 3465 3466 3467 3468 3469 3470 3471 3472 3473 3474 3475 3476 3477 3478 3479 3480 3481 3482 3483 3484 3485 3486 3487 3488 3489 3490 3491 3492 3493 3494 
