0  -1  0.000000
1  0  2299.612200
2  1  2.552389
3  2  7.713475
4  10  2.834569
5  19  2.557319
6  13  2.203191
7  5  2.725793
8  3  4.175737
9  7  2.639238
10  9  1.577863
11  6  1.803034
12  23  2.255768
13  10  1.286848
14  11  1.909895
15  14  0.315573
16  15  0.000000
17  12  0.979222
18  17  2.209009
19  8  2.722722
20  9  1.066775
21  13  1.570324
22  11  1.896585
23  15  3.908986
24  18  2.493807
25  24  2.043575
26  23  2.434016
27  29  1.909978
28  27  2.537011
29  30  2.268930
30  40  4.632204
31  33  2.639055
32  26  2.984124
33  35  1.963180
34  32  0.811339
35  37  0.822940
36  44  2.634051
37  39  2.269074
38  34  1.662150
39  38  0.682460
40  45  2.956323
41  38  0.599593
42  41  2.209009
43  51  3.011965
44  50  0.831657
45  48  1.658185
46  44  0.682460
47  42  1.904887
48  70  4.067380
49  53  1.755207
50  52  0.682221
51  56  3.017645
52  57  1.622677
53  43  4.311589
54  70  3.118338
55  62  2.942376
56  60  2.224140
57  47  1.654593
58  61  1.963014
59  65  0.831075
60  72  2.328601
61  63  0.679161
62  49  3.250496
63  52  2.023602
64  58  0.831075
65  66  0.631145
66  64  0.315573
67  65  1.893436
68  67  0.315573
69  68  0.408249
70  90  4.038329
71  72  2.524581
72  78  2.639055
73  66  2.047489
74  69  1.788489
75  74  0.315573
76  74  1.893436
77  81  1.788489
78  77  2.537832
79  73  1.075786
80  104  1.816116
81  82  1.577863
82  96  0.981507
83  84  0.946718
84  96  0.981507
85  83  0.946718
86  85  0.631145
87  86  1.262291
88  80  0.979382
89  88  0.315573
90  91  3.155727
91  92  3.155727
92  93  0.946718
93  97  3.795719
94  100  2.575546
95  72  2.576716
96  79  1.278659
97  98  2.209009
98  99  3.471299
99  94  2.537832
100  103  2.639055
101  106  2.336305
102  85  1.324961
103  95  2.552389
104  109  1.075268
105  96  1.537660
106  81  2.071666
107  116  1.079469
108  102  0.988405
109  118  1.075185
110  111  0.946718
111  115  1.288588
112  110  0.946718
113  112  0.315573
114  119  1.569709
115  104  1.477998
116  108  0.816898
117  108  1.477998
118  117  0.682221
119  123  0.408648
120  131  0.599059
121  134  1.198652
122  121  0.631145
123  126  0.250200
124  118  1.199186
125  122  1.286848
126  133  1.364681
127  135  0.994708
128  129  1.577863
129  116  2.023047
130  124  0.682221
131  124  0.682221
132  130  0.259629
133  125  1.364681
134  120  1.622282
135  126  2.043575
136  135  0.682460
137  134  0.831657
138  139  1.893436
139  133  1.569709
140  139  0.631145
141  140  0.315573
142  136  1.027831
143  142  1.262291
144  143  1.262291
145  144  0.000000
146  157  2.048118
147  137  0.768830
148  138  1.278659
149  140  1.278659
150  164  2.043575
151  149  0.509829
152  168  0.678929
153  173  0.768830
154  155  0.315573
155  153  0.315573
156  177  1.590989
157  188  2.047489
158  157  0.000000
159  189  2.047489
160  159  0.000000
161  162  2.524581
162  163  2.524581
163  150  0.994708
164  169  1.598979
165  171  1.963180
166  167  0.315573
167  148  1.019659
168  151  0.509829
169  165  0.981507
170  179  2.031313
171  178  2.040280
172  152  1.755207
173  172  0.315573
174  167  0.994708
175  173  0.402723
176  161  3.020630
177  184  0.768830
178  170  1.622677
179  166  1.662732
180  175  0.831657
181  182  1.262291
182  196  0.402723
183  180  1.288588
184  183  0.315573
185  203  0.987921
186  185  0.946718
187  198  0.250200
188  187  0.315573
189  204  0.822940
190  219  2.047489
191  190  1.262291
192  191  1.262291
193  192  1.577863
194  180  0.810944
195  201  0.408648
196  195  0.315573
197  186  0.402723
198  197  0.315573
199  179  0.994708
200  196  0.259629
201  194  0.408648
202  188  0.811339
203  184  0.987921
204  207  0.408648
205  203  0.408648
206  208  0.981507
207  214  0.831075
208  201  0.768830
209  205  0.259001
210  197  1.317025
211  210  0.408648
212  232  0.831075
213  212  0.946718
214  213  0.315573
215  209  0.768830
216  214  0.408249
217  216  0.000000
218  230  1.286970
219  218  0.631145
220  237  1.878658
221  256  2.047489
222  221  0.000000
223  224  0.315573
224  246  1.788489
225  208  1.067375
226  215  0.250828
227  226  0.000000
228  211  0.509829
229  213  0.509829
230  216  0.679161
231  228  0.408249
232  231  0.946718
233  219  0.599593
234  228  0.606557
235  229  0.831075
236  233  0.811339
237  233  0.811339
238  231  0.768830
239  235  0.408249
240  236  0.408249
241  258  0.831075
242  239  0.403114
243  238  0.599593
244  249  0.408249
245  240  0.599593
246  257  0.408249
247  259  0.682221
248  239  0.994708
249  251  0.946718
250  244  0.981507
251  245  0.408249
252  262  0.250828
253  252  0.000000
254  252  0.000000
255  252  0.000000
256  264  1.361361
257  268  1.317636
258  282  2.048118
259  260  1.893436
260  276  1.896585
261  245  0.599593
262  274  1.537660
263  249  0.599593
264  262  1.288588
265  263  0.682460
266  265  0.599593
267  266  0.631145
268  271  0.408249
269  250  1.662732
270  267  0.259001
271  281  0.599593
272  270  0.678929
273  300  0.599593
274  273  0.631145
275  279  0.259629
276  313  1.317636
277  317  1.806269
278  274  0.259629
279  304  0.678929
280  304  0.402723
281  306  0.250200
282  308  0.509829
283  282  0.000000
284  311  0.831075
285  284  0.000000
286  276  1.911153
287  286  2.524581
288  287  0.000000
289  317  2.030917
290  291  2.524581
291  292  2.524581
292  293  2.524581
293  294  1.893436
294  295  1.577863
295  296  4.102445
296  297  2.209009
297  269  0.822940
298  299  0.315573
299  266  1.066775
300  272  0.811339
301  272  0.599593
302  303  0.946718
303  278  0.250200
304  312  0.831657
305  280  0.979222
306  307  0.946718
307  305  0.631145
308  324  1.537660
309  308  0.315573
310  302  0.607094
311  315  0.599593
312  318  0.518002
313  327  1.075185
314  310  0.811339
315  325  0.768830
316  286  1.278659
317  347  2.255768
318  319  0.979382
319  314  0.509829
320  287  1.896585
321  289  1.896585
322  318  0.811339
323  322  0.946718
324  335  0.979382
325  346  1.278659
326  325  0.315573
327  337  0.509829
328  327  0.000000
329  316  0.831075
330  321  1.911068
331  296  2.072287
332  298  2.256338
333  323  0.403114
334  333  0.000000
335  338  1.364443
336  333  0.408249
337  352  1.206143
338  336  0.408249
339  320  1.075185
340  332  1.219580
341  350  2.268930
342  338  0.250828
343  324  1.278659
344  343  0.000000
345  346  0.631145
346  351  0.259001
347  339  2.267079
348  347  0.000000
349  330  1.278659
350  319  2.030829
351  353  1.909978
352  367  0.760658
353  343  0.811339
354  345  0.509829
355  321  2.142559
356  354  1.911068
357  367  1.909978
358  357  0.000000
359  349  0.768830
360  359  2.524581
361  360  0.315573
362  361  2.209009
363  350  1.473763
364  342  1.425943
365  369  0.408249
366  351  0.760658
367  356  0.679161
368  390  3.896238
369  353  0.994708
370  357  0.509829
371  370  1.658185
372  371  0.981507
373  359  1.538289
374  372  0.509829
375  362  1.788489
376  363  2.071666
377  370  1.788489
378  379  0.259629
379  403  2.493225
380  385  4.134003
381  388  2.267079
382  383  2.524581
383  373  2.298318
384  389  0.259001
385  390  1.911068
386  382  0.259001
387  381  0.599593
388  375  2.307119
389  388  2.524581
390  389  3.155727
391  376  2.150971
392  402  2.829926
393  392  0.631145
394  399  0.979382
395  397  2.524581
396  397  0.315573
397  377  2.263759
398  380  1.397394
399  395  0.979382
400  396  1.286970
401  400  0.000000
402  391  3.114714
403  386  2.203191
404  398  3.225803
405  383  2.493225
406  387  2.047489
407  405  0.981673
408  389  2.557319
409  408  3.098994
410  409  2.536949
411  426  3.011876
412  423  2.047489
413  410  3.419987
414  415  2.524581
415  416  2.524581
416  417  2.524581
417  418  0.315573
418  419  4.102445
419  420  3.155727
420  421  0.315573
421  422  4.102445
422  423  0.946718
423  424  2.524581
424  429  3.093898
425  413  2.691490
426  427  4.740231
427  425  0.403114
428  426  0.403114
429  430  2.575546
430  413  4.592193
431  428  10.207738
432  434  1.549315
433  431  0.612374
434  433  1.702467
435  432  1.495223
436  435  1.214444
437  438  1.443616
438  436  1.712965
439  437  3.199196
440  439  0.631145
441  440  1.288588
442  441  1.268916
443  454  0.799490
444  443  1.262291
445  444  1.262291
446  456  1.168152
447  448  1.262291
448  449  0.315573
449  450  1.262291
450  451  1.893436
451  452  1.104504
452  439  0.898330
453  441  0.639330
454  442  0.695697
455  443  0.388501
456  457  0.408249
457  447  2.451624
458  453  1.015414
459  445  1.075185
460  461  1.268108
461  459  0.338093
462  457  822.568579
463  462  7127.349002
464  463  1.286970
465  464  3.229686
466  465  2.851939
467  469  3.699309
468  467  1.960874
469  466  2.552389
470  474  2.267079
471  468  2.030917
472  473  2.224214
473  471  3.795762
474  472  2.224214
475  470  3.196645
476  465  2.576716
477  476  2.691849
478  474  3.599011
479  477  3.658739
480  478  2.339185
481  479  3.248181
482  480  3.617781
483  492  3.972519
484  485  0.631145
485  482  2.984610
486  484  0.403114
487  490  0.259001
488  483  3.699309
489  486  1.911068
490  489  1.577863
491  481  4.094979
492  491  2.432986
493  490  4.030153
494  488  3.181977
495  494  2.887118
496  498  1.286848
497  493  3.114714
498  497  1.262291
499  500  0.315573
500  496  1.597577
501  504  1.361361
502  494  2.552389
503  499  0.769459
504  503  0.946718
505  501  1.658185
506  507  2.209009
507  510  4.304952
508  505  1.895993
509  512  2.575546
510  516  2.043575
511  513  0.682221
512  497  3.585778
513  535  2.197495
514  536  1.590989
515  512  1.361361
516  538  2.691849
517  520  0.402723
518  524  0.402723
519  527  0.402723
520  541  2.691849
521  509  2.189080
522  512  1.278659
523  515  1.219580
524  523  0.631145
525  508  2.328601
526  525  1.577863
527  526  1.893436
528  519  1.909895
529  528  0.000000
530  528  2.524581
531  513  1.425943
532  520  0.408249
533  534  2.840154
534  531  2.537011
535  514  2.284747
536  532  2.537011
537  521  1.477998
538  543  2.150238
539  516  1.896585
540  542  1.074970
541  521  1.989902
542  539  3.864130
543  548  1.361361
544  545  0.946718
545  528  2.047489
546  530  2.047489
547  522  2.328601
548  563  4.230107
549  550  0.315573
550  524  2.557319
551  559  1.317025
552  551  1.075268
553  555  1.960874
554  545  1.824784
555  554  0.679161
556  554  0.679161
557  566  1.796661
558  557  0.631145
559  561  2.267079
560  556  0.682221
561  553  1.278659
562  560  1.075268
563  565  3.822136
564  555  1.278659
565  533  5.818107
566  567  0.315573
567  569  2.339185
568  566  0.679161
569  562  1.797290
570  564  1.662150
571  569  1.066775
572  568  1.824784
573  572  0.402723
574  581  0.408648
575  574  0.946718
576  575  0.631145
577  583  2.537832
578  587  2.639055
579  595  3.114714
580  570  1.806269
581  573  1.599081
582  586  2.851209
583  578  2.537832
584  571  1.075786
585  589  0.599593
586  577  3.196645
587  579  2.338978
588  581  0.994708
589  590  0.315573
590  591  0.315573
591  602  1.019659
592  591  0.000000
593  588  0.678929
594  593  0.631145
595  580  2.030917
596  588  0.509829
597  573  1.824784
598  597  0.250828
599  594  0.769459
600  605  0.408249
601  613  0.994708
602  601  0.946718
603  602  1.262291
604  598  0.682221
605  606  0.946718
606  599  0.408249
607  599  0.606557
608  600  0.816499
609  603  0.518002
610  609  0.946718
611  607  0.979382
612  605  0.509829
613  608  0.403114
614  610  0.599593
615  614  0.631145
616  619  0.682221
617  607  0.760658
618  602  1.317025
619  598  2.439159
620  624  0.403114
621  615  0.831075
622  623  0.315573
623  618  0.768830
624  623  0.315573
625  627  0.315573
626  624  0.000000
627  621  0.979382
628  627  0.000000
629  642  0.768830
630  629  0.631145
631  630  1.893436
632  631  0.315573
633  650  1.824784
634  617  1.397394
635  617  1.397394
636  623  0.259001
637  620  0.599593
638  621  0.811339
639  636  0.259629
640  638  0.408648
641  640  0.402723
642  641  0.315573
643  637  1.397857
644  641  0.518630
645  635  1.425943
646  653  0.811339
647  643  0.599593
648  644  0.509829
649  646  0.981673
650  655  0.402723
651  639  1.528859
652  660  0.408648
653  648  0.402723
654  662  0.408648
655  671  1.570324
656  655  0.000000
657  658  0.946718
658  659  1.577863
659  668  1.075786
660  647  0.599593
661  660  0.000000
662  649  0.811339
663  664  0.402723
664  660  0.810944
665  653  0.768830
666  662  0.810944
667  651  1.028460
668  672  0.509829
669  665  0.816898
670  666  0.831657
671  678  0.509829
672  683  0.599593
673  670  0.408249
674  677  0.403114
675  681  0.403114
676  694  0.682221
677  709  0.994708
678  677  0.315573
679  678  0.000000
680  677  0.000000
681  729  1.796661
682  672  0.599593
683  706  1.079167
684  701  0.408249
685  684  0.631145
686  731  1.796661
687  686  0.946718
688  689  2.524581
689  710  2.639055
690  702  2.224140
691  715  1.627825
692  693  0.946718
693  667  1.278659
694  696  0.315573
695  664  1.538289
696  695  0.315573
697  696  0.000000
698  699  0.315573
699  673  0.811339
700  682  0.408249
701  707  0.408249
702  691  3.480948
703  705  0.946718
704  698  0.981507
705  704  0.315573
706  701  0.682221
707  719  0.768830
708  676  0.768830
709  712  0.408249
710  690  2.043575
711  704  0.599593
712  713  0.315573
713  673  1.590989
714  709  0.682221
715  692  3.020416
716  703  0.831075
717  705  0.831075
718  727  0.811339
719  736  0.760658
720  719  0.000000
721  687  2.036072
722  712  0.599593
723  740  0.509829
724  742  0.811339
725  713  0.994708
726  718  1.075268
727  714  0.994708
728  729  0.631145
729  726  0.631145
730  729  0.000000
731  737  0.250828
732  741  0.250828
733  727  0.403114
734  746  0.408249
735  734  0.000000
736  759  1.027831
737  747  0.259001
738  721  1.214444
739  740  0.315573
740  738  1.577863
741  739  2.209009
742  762  1.027831
743  724  1.960874
744  743  0.315573
745  764  1.598070
746  749  0.408249
747  753  0.509829
748  725  0.994708
749  728  1.219580
750  758  0.811339
751  752  0.315573
752  746  0.408249
753  773  1.278659
754  738  1.219580
755  745  1.755207
756  799  17.588511
757  729  1.278659
758  751  0.599593
759  750  1.361361
760  740  1.027831
761  741  1.027831
762  778  1.019659
763  757  0.408648
764  789  2.552389
765  783  1.219580
766  758  0.509829
767  754  0.768830
768  761  0.509829
769  743  1.797290
770  780  0.250200
771  772  0.631145
772  759  1.067375
773  771  1.577863
774  767  0.509829
775  760  1.019659
776  775  0.000000
777  768  0.811339
778  777  1.893436
779  769  0.979222
780  779  1.577863
781  797  3.086839
782  788  1.911153
783  763  1.066775
784  785  0.315573
785  766  0.994708
786  772  0.259001
787  773  0.259001
788  748  2.072287
789  780  0.607094
790  774  0.768830
791  787  0.769459
792  775  1.570324
793  802  1.788489
794  790  1.325572
795  792  1.027831
796  808  2.833628
797  821  2.203191
798  805  1.075185
799  815  2.725793
800  796  0.606557
801  805  2.268930
802  811  2.577176
803  802  2.524581
804  806  0.408249
805  823  0.769459
806  820  1.286970
807  822  1.960874
808  825  0.769459
809  808  0.000000
810  800  2.338978
811  797  1.433276
812  803  0.518002
813  830  1.983106
814  813  0.946718
815  814  2.524581
816  817  0.946718
817  826  2.338978
818  828  2.030917
819  795  1.816116
820  801  1.477998
821  810  0.403114
822  806  0.811339
823  829  1.214051
824  807  1.219976
825  824  1.577863
826  818  1.219580
827  831  2.577303
828  819  1.590989
829  819  1.796760
830  812  3.225803
831  832  2.851153
832  833  1.893436
833  835  1.478325
834  825  2.951427
835  816  3.228754
836  829  2.203630
837  811  3.132028
838  836  1.911068
839  830  3.659135
840  839  3.166337
841  840  2.575546
842  838  2.691490
843  837  2.142559
844  842  3.196645
845  844  1.909978
846  845  2.725793
847  867  3.218344
848  846  2.956323
849  862  0.811339
850  851  2.524581
851  852  2.209009
852  853  2.840154
853  854  2.209009
854  855  1.577863
855  856  3.471299
856  857  1.893436
857  860  3.480995
858  846  2.023602
859  848  0.402723
860  863  1.288588
861  848  0.599593
862  847  1.755483
863  858  3.198060
864  859  2.338978
865  849  2.150238
866  868  3.098629
867  864  3.098994
868  865  3.599789
869  866  4.175737
870  872  0.488661
871  870  2.054807
872  875  3.396435
873  877  2.433621
874  869  6.703188
875  878  0.736882
876  874  2.115772
877  880  1.424099
878  879  0.830554
879  887  3.178335
880  884  1.680362
881  876  1.614103
882  881  0.954381
883  886  1.414963
884  885  1.268916
885  890  1.910913
886  882  1.305528
887  891  0.701708
888  894  1.477998
889  888  1.911068
890  892  0.341111
891  916  1.886601
892  907  1.317025
893  889  0.741133
894  910  1.157331
895  893  1.414963
896  895  1.262291
897  908  0.541500
898  891  1.676007
899  900  0.473359
900  901  0.946718
901  902  2.051222
902  886  2.560559
903  917  2.380049
904  903  0.315573
905  918  1.470125
906  905  2.209009
907  906  1.104504
908  907  1.420077
909  908  0.631145
910  921  1.075268
911  909  0.798207
912  911  1.893436
913  912  0.788932
914  913  2.051222
915  914  0.315573
916  919  1.443503
917  902  0.535709
918  904  1.168152
919  915  1.288588
920  898  0.952147
921  920  0.490754
922  923  0.955534
923  910  1.878658
924  922  2.303453
925  899  4.398222
926  924  2.492222
927  926  0.875821
928  927  2.522801
929  928  1.268916
930  929  0.644421
931  930  404.636369
932  931  862.699434
933  934  4.418017
934  932  6670.965738
935  937  2.150536
936  933  7.273132
937  940  2.885439
938  935  3.316371
939  943  5.968460
940  939  0.631145
941  936  2.030917
942  941  4.406821
943  946  1.658185
944  943  3.166337
945  944  2.524581
946  942  3.593521
947  949  0.811339
948  962  2.493807
949  951  0.259001
950  954  1.477998
951  960  2.203630
952  963  3.193684
953  955  2.224140
954  952  1.660716
955  950  0.831075
956  953  0.981507
957  959  0.831657
958  951  2.639055
959  956  1.755483
960  957  1.478325
961  945  4.374234
962  961  2.524581
963  962  2.575422
964  970  3.708649
965  963  3.782685
966  972  2.383403
967  968  0.994708
968  971  2.575546
969  975  1.478325
970  969  2.537897
971  980  2.575546
972  988  3.228754
973  977  2.224214
974  965  4.054985
975  972  1.599081
976  970  0.509829
977  976  1.262291
978  977  0.000000
979  981  2.639055
980  974  0.678929
981  974  2.150238
982  971  1.278659
983  968  2.307119
984  985  2.840154
985  990  1.391394
986  987  2.537832
987  1004  3.250496
988  983  2.722722
989  996  2.284747
990  992  3.509736
991  989  0.811339
992  986  3.408012
993  1009  2.072287
994  1000  1.361361
995  991  1.079167
996  994  1.286970
997  993  1.361361
998  1007  1.199186
999  998  2.209009
1000  999  2.524581
1001  996  0.259001
1002  995  1.658185
1003  1002  0.000000
1004  1008  1.628222
1005  1006  2.524581
1006  988  2.306490
1007  997  1.622677
1008  1028  4.229689
1009  1006  2.339185
1010  1002  2.256338
1011  1012  0.946718
1012  1023  2.047489
1013  1012  0.631145
1014  1015  0.315573
1015  999  2.307119
1016  1020  2.203630
1017  1010  0.599059
1018  1016  1.591494
1019  1018  1.911068
1020  1021  2.209009
1021  1017  1.538289
1022  1023  0.631145
1023  1024  0.315573
1024  1043  2.071666
1025  1044  2.142559
1026  1025  0.000000
1027  1039  1.788489
1028  1029  2.524581
1029  1030  2.524581
1030  1031  3.155727
1031  1032  2.209009
1032  1033  2.840154
1033  1034  2.524581
1034  1009  2.833945
1035  1034  2.336305
1036  1037  2.338978
1037  1019  2.023602
1038  1018  2.071666
1039  1045  1.288588
1040  1038  1.598979
1041  1021  2.071666
1042  1041  1.893436
1043  1042  1.577863
1044  1053  2.142559
1045  1044  0.631145
1046  1055  2.071666
1047  1041  0.509829
1048  1042  1.662732
1049  1047  1.317025
1050  1061  1.433840
1051  1049  1.911068
1052  1059  0.769459
1053  1052  0.315573
1054  1060  0.831657
1055  1050  1.598979
1056  1063  2.604571
1057  1038  2.585451
1058  1048  0.768830
1059  1064  1.796760
1060  1061  1.288588
1061  1070  1.590989
1062  1051  1.662732
1063  1071  1.079469
1064  1058  2.189080
1065  1067  0.315573
1066  1061  1.199186
1067  1068  0.631145
1068  1075  1.206143
1069  1064  0.408249
1070  1065  0.408249
1071  1079  1.019659
1072  1078  0.994708
1073  1066  0.811339
1074  1069  0.994708
1075  1079  0.979382
1076  1081  0.599593
1077  1064  1.796760
1078  1074  0.403114
1079  1080  0.408249
1080  1084  0.599593
1081  1085  0.599593
1082  1109  0.994708
1083  1080  0.599593
1084  1081  1.361361
1085  1086  0.631145
1086  1082  0.981507
1087  1086  0.000000
1088  1086  0.000000
1089  1109  1.075268
1090  1089  0.000000
1091  1089  0.000000
1092  1111  2.639238
1093  1094  2.209009
1094  1095  2.840154
1095  1103  2.537011
1096  1097  2.524581
1097  1104  2.537011
1098  1077  1.075185
1099  1078  1.027831
1100  1106  0.403114
1101  1099  0.315573
1102  1116  1.878658
1103  1096  2.537011
1104  1105  2.524581
1105  1110  2.224140
1106  1113  0.518630
1107  1083  0.509829
1108  1085  0.509829
1109  1118  1.206679
1110  1098  2.575546
1111  1115  0.678929
1112  1099  0.769459
1113  1121  1.390934
1114  1117  1.597577
1115  1093  4.534157
1116  1113  1.286848
1117  1127  1.219580
1118  1126  0.810944
1119  1114  0.831075
1120  1132  0.402723
1121  1112  1.622282
1122  1116  1.219580
1123  1122  1.577863
1124  1135  0.259629
1125  1118  0.599059
1126  1124  0.946718
1127  1136  0.682460
1128  1119  0.402723
1129  1128  0.000000
1130  1151  2.048118
1131  1130  0.000000
1132  1153  2.048118
1133  1154  2.048118
1134  1133  0.631145
1135  1143  1.425943
1136  1125  0.682460
1137  1146  1.569709
1138  1121  1.361361
1139  1123  1.755483
1140  1139  0.259001
1141  1136  1.066775
1142  1156  0.769459
1143  1147  1.075268
1144  1128  1.570324
1145  1158  0.811339
1146  1155  0.979382
1147  1140  1.199186
1148  1144  0.509829
1149  1150  0.946718
1150  1148  0.315573
1151  1177  1.278659
1152  1151  0.631145
1153  1180  1.537660
1154  1186  1.796661
1155  1187  1.796661
1156  1146  1.597676
1157  1156  0.000000
1158  1171  1.019659
1159  1147  0.682221
1160  1163  0.679161
1161  1148  0.259001
1162  1161  0.315573
1163  1143  1.067375
1164  1160  0.403114
1165  1141  1.317636
1166  1162  0.403114
1167  1166  0.259001
1168  1175  0.599593
1169  1172  0.403114
1170  1167  0.682221
1171  1169  1.286970
1172  1159  1.391394
1173  1165  0.994708
1174  1177  0.315573
1175  1170  0.403114
1176  1175  0.000000
1177  1179  0.408249
1178  1175  0.408249
1179  1193  0.599593
1180  1185  0.259001
1181  1200  0.599593
1182  1190  0.403114
1183  1175  0.816499
1184  1185  0.315573
1185  1194  0.250828
1186  1195  0.250828
1187  1197  0.403114
1188  1198  1.286970
1189  1201  0.403114
1190  1172  1.219580
1191  1182  1.286970
1192  1183  0.403114
1193  1203  0.682221
1194  1204  0.259001
1195  1214  1.569709
1196  1195  0.000000
1197  1188  0.979382
1198  1205  0.509829
1199  1198  0.000000
1200  1211  1.075786
1201  1226  2.047489
1202  1173  1.027831
1203  1192  0.981507
1204  1208  0.599593
1205  1223  1.537660
1206  1203  0.509829
1207  1206  0.315573
1208  1210  0.408648
1209  1207  0.259629
1210  1216  0.994708
1211  1224  1.066775
1212  1239  1.075786
1213  1209  1.286848
1214  1220  0.599593
1215  1221  1.361361
1216  1218  0.402723
1217  1223  0.979222
1218  1213  0.994708
1219  1243  0.408648
1220  1250  1.206679
1221  1249  0.831657
1222  1221  0.000000
1223  1215  1.361361
1224  1217  1.597577
1225  1224  0.000000
1226  1258  1.570324
1227  1226  1.577863
1228  1227  0.946718
1229  1257  1.278659
1230  1229  2.524581
1231  1289  4.811186
1232  1233  2.524581
1233  1234  2.524581
1234  1235  2.524581
1235  1236  1.577863
1236  1190  2.493807
1237  1238  0.946718
1238  1202  2.143159
1239  1241  0.946718
1240  1239  0.000000
1241  1242  0.946718
1242  1209  1.425943
1243  1216  0.599593
1244  1248  0.981673
1245  1219  0.599593
1246  1228  0.509829
1247  1230  0.509829
1248  1245  0.408648
1249  1250  0.981507
1250  1254  0.678929
1251  1249  0.408249
1252  1246  0.518630
1253  1244  0.994708
1254  1253  0.946718
1255  1251  0.250200
1256  1252  0.678929
1257  1256  1.893436
1258  1268  0.599593
1259  1260  0.315573
1260  1224  1.797290
1261  1260  0.315573
1262  1256  0.607094
1263  1257  0.607094
1264  1265  0.631145
1265  1255  0.769459
1266  1271  0.259001
1267  1260  0.250828
1268  1275  1.027831
1269  1262  0.403114
1270  1279  1.425943
1271  1270  0.315573
1272  1263  0.599593
1273  1267  0.768830
1274  1288  1.425943
1275  1277  1.909978
1276  1304  1.816116
1277  1273  0.811339
1278  1269  1.278659
1279  1296  0.768830
1280  1287  2.267079
1281  1280  0.000000
1282  1264  1.824165
1283  1272  1.537660
1284  1298  0.259001
1285  1275  1.019659
1286  1278  0.768830
1287  1283  0.403114
1288  1280  2.575546
1289  1274  2.284747
1290  1289  0.000000
1291  1310  2.584930
1292  1299  0.682221
1293  1282  2.267079
1294  1282  0.811339
1295  1298  0.315573
1296  1295  0.631145
1297  1301  0.981673
1298  1297  1.577863
1299  1291  0.408249
1300  1292  0.408249
1301  1277  1.433840
1302  1301  0.000000
1303  1285  0.768830
1304  1307  0.408249
1305  1303  0.259001
1306  1280  1.537660
1307  1310  2.722722
1308  1286  1.278659
1309  1293  2.956323
1310  1337  2.048118
1311  1308  1.028460
1312  1311  0.408249
1313  1305  1.788489
1314  1330  1.279288
1315  1350  1.590989
1316  1350  1.206679
1317  1352  1.075786
1318  1316  1.288715
1319  1331  0.250828
1320  1332  0.403114
1321  1338  0.250828
1322  1321  2.524581
1323  1341  3.165679
1324  1325  0.631145
1325  1326  2.524581
1326  1313  1.279288
1327  1312  1.561704
1328  1354  1.660716
1329  1358  2.289331
1330  1329  0.631145
1331  1353  0.408249
1332  1364  2.047489
1333  1320  2.537011
1334  1333  0.315573
1335  1334  1.893436
1336  1335  2.524581
1337  1336  2.524581
1338  1337  2.524581
1339  1322  0.679161
1340  1339  1.893436
1341  1340  0.946718
1342  1323  1.909978
1343  1344  2.524581
1344  1345  2.524581
1345  1346  2.524581
1346  1347  2.524581
1347  1348  0.631145
1348  1356  4.447337
1349  1318  1.219580
1350  1357  1.361361
1351  1327  0.408249
1352  1327  2.224140
1353  1363  1.896585
1354  1352  0.408249
1355  1330  0.518002
1356  1349  1.658185
1357  1362  2.552389
1358  1328  1.597564
1359  1360  0.315573
1360  1326  1.537660
1361  1351  1.662150
1362  1324  2.788783
1363  1366  1.079167
1364  1363  1.577863
1365  1364  0.259001
1366  1373  2.048118
1367  1354  2.576716
1368  1358  2.256338
1369  1368  1.658185
1370  1369  1.361126
1371  1365  2.142559
1372  1371  2.524581
1373  1370  1.288715
1374  1372  1.911153
1375  1374  2.829926
1376  1375  2.536949
1377  1376  3.620449
1378  1377  2.224140
1379  1390  3.318893
1380  1388  0.827845
1381  1382  0.315573
1382  1383  4.102445
1383  1384  2.840154
1384  1389  0.682221
1385  1386  3.786872
1386  1387  1.577863
1387  1391  2.885550
1388  1379  1.219580
1389  1385  2.537832
1390  1394  4.842167
1391  1392  1.893436
1392  1376  2.816948
1393  1380  2.235434
1394  1378  3.187787
1395  1393  0.875549
1396  1395  1.288715
1397  1396  1.826796
1398  1397  1.112070
1399  1398  1.361361
1400  1406  3.046375
1401  1400  1.020023
1402  1401  0.490920
1403  1402  1.288588
1404  1411  3.304787
1405  1403  1.898310
1406  1404  1.477998
1407  1405  1.622677
1408  1399  3.086265
1409  1432  2.977327
1410  1408  1.318343
1411  1412  1.425970
1412  1410  1.320724
1413  1407  1.627825
1414  1413  1.015854
1415  1411  1.424099
1416  1414  1.598979
1417  1429  2.577303
1418  1419  3.155727
1419  1420  2.524581
1420  1421  0.946718
1421  1430  3.248032
1422  1425  3.166389
1423  1439  2.220912
1424  1426  1.134609
1425  1435  2.942376
1426  1427  1.893436
1427  1433  0.810944
1428  1408  2.405861
1429  1418  1.963180
1430  1422  2.043575
1431  1432  0.946718
1432  1442  2.956323
1433  1437  1.346104
1434  1428  1.414963
1435  1431  3.166389
1436  1423  3.510690
1437  1428  1.796760
1438  1424  2.295904
1439  1438  0.682221
1440  1434  1.627825
1441  1440  1.425251
1442  1436  2.043575
1443  1416  3.078810
1444  1441  1.345745
1445  1443  2.067509
1446  1445  0.157786
1447  1446  1.508822
1448  1444  1.796760
1449  1448  1.288588
1450  1449  1.549679
1451  1450  1.477998
1452  1455  2.639238
1453  1454  0.631145
1454  1442  5.891925
1455  1453  5.107456
1456  1451  4.162100
1457  1458  1.364681
1458  1459  1.268048
1459  1456  0.898380
1460  1457  1.627825
1461  1460  1.544590
1462  1463  4.977269
1463  1464  1.286848
1464  1466  8.193435
1465  1467  0.811339
1466  1468  1.883449
1467  1469  3.599789
1468  1465  4.977269
1469  1470  2.575546
1470  1471  2.267079
1471  1472  3.821037
1472  1473  10.806438
1473  1452  29.992026
1474  1473  7.809894
1475  1474  1.477998
1476  1475  7811.921374
1477  1476  4.869404
1478  1477  3.821037
1479  1483  35.924611
1480  1478  3.510415
1481  1479  0.816499
1482  1481  4.702374
1483  1480  7.002849
1484  1482  4.000201
1485  1484  2.575546
1486  1485  2.209009
1487  1486  8.102189
1488  1492  1.805734
1489  1488  3.248032
1490  1489  0.315573
1491  1487  1.287460
1492  1491  0.979222
1493  1489  0.768830
1494  1493  1.075268
1495  1494  4.000725
1496  1495  5.530112
1497  1496  0.402723
1498  1497  4.600073
1499  1498  3.864130
1500  1499  3.379290
1501  1502  6.358185
1502  1524  10.329022
1503  1501  2.726030
1504  1503  1.909978
1505  1507  2.851209
1506  1505  0.315573
1507  1500  22.477585
1508  1506  3.553663
1509  1508  1.755207
1510  1504  5.179985
1511  1510  0.946718
1512  1507  4.983505
1513  1515  2.269074
1514  1511  4.429422
1515  1516  0.679161
1516  1509  5.480535
1517  1525  2.385025
1518  1514  3.098994
1519  1518  0.979382
1520  1516  3.229686
1521  1543  7.528336
1522  1517  1.219580
1523  1522  1.960874
1524  1526  1.361361
1525  1520  3.114714
1526  1532  2.284747
1527  1544  7.282635
1528  1527  2.537832
1529  1532  3.821037
1530  1523  1.662732
1531  1533  0.981673
1532  1557  9.157920
1533  1530  2.267079
1534  1529  1.478325
1535  1531  3.796874
1536  1534  1.805734
1537  1535  1.658185
1538  1545  1.537660
1539  1541  2.575546
1540  1539  1.909978
1541  1519  8.422653
1542  1528  7.159586
1543  1548  3.864130
1544  1540  2.725793
1545  1542  3.196544
1546  1543  2.577303
1547  1567  14.660380
1548  1550  2.851996
1549  1545  2.942540
1550  1549  2.209009
1551  1546  4.134003
1552  1544  3.356362
1553  1545  2.577340
1554  1537  7.282635
1555  1554  3.166337
1556  1555  0.946718
1557  1556  3.480350
1558  1553  2.829926
1559  1558  0.408249
1560  1559  2.955996
1561  1560  3.196645
1562  1561  4.311962
1563  1562  2.154423
1564  1563  1.878658
1565  1564  4.433993
1566  1565  1.599081
1567  1575  4.976114
1568  1585  2.023602
1569  1566  5.122250
1570  1579  1.627825
1571  1567  3.011965
1572  1571  1.364443
1573  1578  1.288588
1574  1588  1.397857
1575  1574  1.893436
1576  1577  1.262291
1577  1580  3.480350
1578  1569  1.075185
1579  1573  0.408249
1580  1581  1.262291
1581  1582  4.102445
1582  1583  0.315573
1583  1591  5.063312
1584  1565  4.979473
1585  1570  2.203191
1586  1584  2.269074
1587  1584  1.079469
1588  1568  3.012392
1589  1588  0.402723
1590  1593  5.074837
1591  1592  0.402723
1592  1597  2.639055
1593  1596  1.364681
1594  1575  2.851886
1595  1594  1.599081
1596  1598  3.196645
1597  1601  4.183252
1598  1599  1.262291
1599  1586  5.104778
1600  1587  5.209143
1601  1590  6.610451
1602  1601  9.182357
1603  1612  4.979785
1604  1603  2.955996
1605  1612  2.885439
1606  1608  0.682221
1607  1610  1.286848
1608  1642  8.595649
1609  1607  1.909895
1610  1611  4.418017
1611  1605  0.599059
1612  1620  5.968460
1613  1604  2.636504
1614  1613  0.315573
1615  1614  4.102445
1616  1615  0.946718
1617  1616  2.524581
1618  1617  2.524581
1619  1595  19.529638
1620  1621  5.074837
1621  1654  5.107247
1622  1637  3.631336
1623  1622  2.840154
1624  1623  2.575546
1625  1647  3.796619
1626  1620  2.552389
1627  1639  1.883106
1628  1602  11.680029
1629  1638  1.477998
1630  1628  0.679161
1631  1626  3.196645
1632  1644  0.979382
1633  1619  3.086265
1634  1625  2.725793
1635  1634  1.893436
1636  1649  3.248181
1637  1636  1.577863
1638  1624  1.597564
1639  1629  0.994708
1640  1627  1.627825
1641  1640  1.893436
1642  1643  0.631145
1643  1641  0.946718
1644  1628  1.622677
1645  1631  2.338978
1646  1633  4.134003
1647  1646  3.155727
1648  1639  0.599593
1649  1645  2.269074
1650  1637  1.426507
1651  1641  2.072287
1652  1657  3.114714
1653  1632  2.634661
1654  1635  4.464931
1655  1669  1.570324
1656  1654  4.135097
1657  1638  3.909529
1658  1651  1.798245
1659  1651  2.197058
1660  1672  0.994708
1661  1654  1.803034
1662  1659  0.518630
1663  1670  1.286970
1664  1663  0.631145
1665  1664  0.946718
1666  1665  0.315573
1667  1660  1.288588
1668  1653  3.904947
1669  1658  2.043812
1670  1662  0.403114
1671  1664  0.250828
1672  1666  0.811339
1673  1652  3.012411
1674  1658  1.904887
1675  1668  2.030917
1676  1675  6.311453
1677  1674  0.403114
1678  1698  2.307119
1679  1671  1.824165
1680  1672  1.805734
1681  1695  2.072287
1682  1669  3.419563
1683  1677  2.289684
1684  1687  0.811339
1685  1679  1.317025
1686  1676  4.034631
1687  1688  3.155727
1688  1700  1.658185
1689  1680  1.896585
1690  1706  1.361361
1691  1692  0.631145
1692  1708  2.338978
1693  1694  2.209009
1694  1661  5.368791
1695  1715  1.317025
1696  1695  0.946718
1697  1696  0.000000
1698  1717  1.561088
1699  1724  2.071666
1700  1690  2.223133
1701  1702  2.524581
1702  1713  1.219580
1703  1709  1.963180
1704  1710  1.963180
1705  1683  1.561088
1706  1691  1.075268
1707  1693  0.509829
1708  1707  0.682221
1709  1704  3.198060
1710  1716  3.245960
1711  1716  2.636504
1712  1694  1.878317
1713  1727  3.699527
1714  1719  0.509829
1715  1733  1.788489
1716  1682  3.067148
1717  1721  0.607094
1718  1711  1.391394
1719  1730  1.755207
1720  1689  2.048118
1721  1734  1.391394
1722  1717  0.816898
1723  1722  0.315573
1724  1735  1.391394
1725  1736  1.590989
1726  1712  2.285099
1727  1703  3.762100
1728  1720  0.509829
1729  1708  1.788489
1730  1728  0.981507
1731  1726  1.660716
1732  1728  0.606557
1733  1732  2.223204
1734  1733  1.262291
1735  1723  1.391394
1736  1745  0.994708
1737  1735  0.816499
1738  1746  0.811339
1739  1741  0.408249
1740  1755  1.219580
1741  1784  3.779830
1742  1734  1.397394
1743  1737  0.509829
1744  1743  0.631145
1745  1756  1.278659
1746  1745  0.315573
1747  1746  0.000000
1748  1740  1.598979
1749  1748  0.000000
1750  1732  1.561704
1751  1733  1.278659
1752  1742  0.403114
1753  1741  3.821037
1754  1743  0.509829
1755  1770  1.538289
1756  1765  0.995194
1757  1790  3.419987
1758  1754  1.278659
1759  1756  1.075268
1760  1759  0.946718
1761  1768  0.408648
1762  1750  1.797290
1763  1762  0.315573
1764  1758  0.408648
1765  1766  0.315573
1766  1764  1.262291
1767  1760  0.408648
1768  1775  0.408249
1769  1768  0.000000
1770  1788  1.537660
1771  1770  0.631145
1772  1771  0.631145
1773  1777  0.408249
1774  1764  0.408249
1775  1767  0.408249
1776  1772  0.408249
1777  1780  0.250200
1778  1765  0.810944
1779  1776  0.402723
1780  1779  0.631145
1781  1731  4.095607
1782  1774  0.509829
1783  1766  0.768830
1784  1781  2.851153
1785  1780  0.995194
1786  1775  1.317025
1787  1791  0.811339
1788  1787  0.946718
1789  1786  0.403114
1790  1806  0.811339
1791  1804  0.259001
1792  1788  0.509829
1793  1795  0.315573
1794  1785  0.768830
1795  1794  0.315573
1796  1811  0.599593
1797  1796  0.000000
1798  1796  0.000000
1799  1833  2.071666
1800  1839  2.047489
1801  1762  2.391284
1802  1809  2.537011
1803  1778  1.797290
1804  1810  0.403114
1805  1792  0.682221
1806  1781  2.842255
1807  1823  3.114714
1808  1802  2.537011
1809  1782  1.788489
1810  1814  0.981507
1811  1831  1.569709
1812  1807  1.911068
1813  1819  2.575546
1814  1789  1.027831
1815  1818  2.224140
1816  1813  2.537011
1817  1805  0.823521
1818  1816  2.851939
1819  1801  2.150536
1820  1817  0.682221
1821  1820  0.000000
1822  1817  0.606557
1823  1815  0.994708
1824  1802  1.816116
1825  1824  0.631145
1826  1822  0.599593
1827  1841  0.682221
1828  1826  0.315573
1829  1843  0.408249
1830  1829  0.315573
1831  1852  1.278659
1832  1831  0.000000
1833  1834  0.315573
1834  1853  1.317025
1835  1836  0.315573
1836  1857  1.816116
1837  1870  2.047489
1838  1871  2.047489
1839  1858  1.788489
1840  1842  1.577863
1841  1828  0.408249
1842  1826  0.981507
1843  1827  0.682221
1844  1875  1.805734
1845  1824  0.768830
1846  1847  0.315573
1847  1843  0.509829
1848  1845  0.679161
1849  1865  1.206143
1850  1849  0.000000
1851  1847  0.811339
1852  1864  1.219580
1853  1849  0.682221
1854  1873  2.043575
1855  1868  0.599059
1856  1853  0.509829
1857  1886  0.607094
1858  1911  2.328601
1859  1875  2.224140
1860  1859  0.315573
1861  1877  1.288588
1862  1878  0.259001
1863  1848  2.725793
1864  1851  0.994708
1865  1852  1.219580
1866  1856  0.408249
1867  1855  0.810944
1868  1866  0.315573
1869  1887  0.259629
1870  1891  1.019659
1871  1910  2.048118
1872  1871  0.000000
1873  1858  2.537832
1874  1854  0.994708
1875  1899  1.538289
1876  1860  2.224140
1877  1876  0.631145
1878  1879  0.315573
1879  1888  0.408648
1880  1840  2.405861
1881  1842  2.072287
1882  1846  1.570324
1883  1864  0.259629
1884  1865  0.259629
1885  1867  0.981673
1886  1887  0.315573
1887  1885  0.315573
1888  1903  1.654012
1889  1863  1.622677
1890  1868  1.067375
1891  1901  0.831075
1892  1874  1.067375
1893  1884  1.067375
1894  1886  1.199186
1895  1920  4.534157
1896  1882  1.317025
1897  1890  0.816898
1898  1892  1.660912
1899  1898  1.262291
1900  1903  0.979222
1901  1894  1.361126
1902  1930  2.289684
1903  1930  1.598070
1904  1913  0.408648
1905  1900  0.678929
1906  1893  1.219580
1907  1894  1.219580
1908  1901  0.408648
1909  1908  0.315573
1910  1925  0.831075
1911  1921  0.509829
1912  1899  0.509829
1913  1905  0.408648
1914  1896  0.994708
1915  1893  1.206143
1916  1917  1.262291
1917  1907  0.259001
1918  1912  0.259001
1919  1913  0.259001
1920  1922  1.598979
1921  1952  1.569709
1922  1923  3.786872
1923  1935  1.755207
1924  1897  1.278659
1925  1933  0.811339
1926  1927  0.315573
1927  1954  1.278659
1928  1931  0.408249
1929  1926  2.224140
1930  1956  1.391394
1931  1904  2.289684
1932  1909  1.278659
1933  1942  0.599593
1934  1931  0.250828
1935  1939  1.909978
1936  1902  1.904887
1937  1919  1.317025
1938  1947  0.403114
1939  2028  6.571273
1940  2000  3.324882
1941  1932  0.599593
1942  1970  0.606557
1943  1944  0.315573
1944  1991  2.306490
1945  1946  0.315573
1946  1918  1.529488
1947  1958  2.537832
1948  1940  0.981507
1949  1967  0.981507
1950  1969  0.981507
1951  1941  0.408249
1952  1972  0.981507
1953  1945  1.911068
1954  1955  2.524581
1955  1936  0.509829
1956  1992  2.255768
1957  1934  0.994708
1958  1984  1.590989
1959  1984  2.030917
1960  1961  2.524581
1961  1962  2.524581
1962  1963  2.209009
1963  1964  2.524581
1964  1965  2.209009
1965  1948  0.408249
1966  1924  1.569709
1967  1950  0.408249
1968  1941  0.606557
1969  1968  1.262291
1970  1951  1.911068
1971  1970  0.000000
1972  1973  1.597676
1973  1970  0.403114
1974  1975  5.680308
1975  1980  1.286848
1976  1967  0.995194
1977  1968  0.995194
1978  1952  1.028460
1979  1937  1.538289
1980  1999  2.439556
1981  1969  1.067375
1982  1978  0.678929
1983  1957  2.829926
1984  2026  3.092094
1985  2006  1.570324
1986  1987  0.631145
1987  1966  1.561704
1988  1981  0.509829
1989  1973  1.278659
1990  1960  1.896585
1991  1997  0.509829
1992  2004  1.883449
1993  1983  0.831075
1994  1977  1.317025
1995  1989  0.518630
1996  1982  1.075786
1997  1996  1.597577
1998  2021  1.570324
1999  2034  3.978832
2000  2011  3.248032
2001  1998  1.599081
2002  1920  5.417736
2003  1997  1.364681
2004  2001  2.224140
2005  1993  1.028460
2006  2016  1.361361
2007  2014  0.981673
2008  2003  1.286848
2009  2029  1.279288
2010  2026  3.620449
2011  2012  0.315573
2012  2018  2.575546
2013  1987  1.904887
2014  1996  1.590989
2015  2023  1.219580
2016  2005  1.361361
2017  2008  0.509829
2018  1986  2.984610
2019  2020  0.315573
2020  2017  2.537897
2021  2024  1.598979
2022  2006  1.067375
2023  2019  1.288588
2024  2015  1.219580
2025  2029  2.223204
2026  2025  3.155727
2027  2010  1.206679
2028  2031  0.816499
2029  2022  2.267079
2030  2021  0.831075
2031  1974  5.796456
2032  2030  2.267079
2033  2036  1.477998
2034  1990  5.396548
2035  2016  2.794557
2036  2035  1.286970
2037  2032  2.725793
2038  2025  2.576716
2039  2035  1.278659
2040  2039  2.524581
2041  2057  2.328601
2042  2040  1.019659
2043  2055  2.439556
2044  2034  5.943356
2045  2046  2.840154
2046  2047  0.631145
2047  2048  3.786872
2048  2049  3.155727
2049  2050  1.893436
2050  2037  2.256338
2051  2053  2.577303
2052  2050  0.979222
2053  2045  4.484415
2054  2061  1.600250
2055  2042  1.662732
2056  2054  1.320909
2057  2052  2.833913
2058  2063  2.575422
2059  2071  1.951978
2060  2167  11.481051
2061  2060  1.425970
2062  2056  1.755207
2063  2057  2.636504
2064  2069  1.079167
2065  2068  2.851939
2066  2077  1.662150
2067  2064  1.134465
2068  2055  2.439159
2069  2059  1.753013
2070  2067  1.288588
2071  2066  1.318343
2072  2065  2.338978
2073  2070  2.113632
2074  2073  1.268916
2075  2074  0.473359
2076  2062  1.798780
2077  2076  1.963014
2078  2081  1.549679
2079  2075  1.826796
2080  2072  3.229686
2081  2090  2.400549
2082  2080  3.153940
2083  2082  0.799490
2084  2135  3.904947
2085  2088  1.753591
2086  2085  0.198658
2087  2101  2.096003
2088  2083  1.849655
2089  2099  2.267079
2090  2133  2.971813
2091  2087  1.134609
2092  2096  1.288588
2093  2089  0.539885
2094  2113  0.811339
2095  2099  0.337868
2096  2090  0.741462
2097  2092  1.288588
2098  2086  1.702467
2099  2127  0.419903
2100  2098  0.981673
2101  2100  1.262291
2102  2091  1.015458
2103  2102  1.262291
2104  2136  0.712972
2105  2106  3.471299
2106  2129  1.598979
2107  2108  2.524581
2108  2139  2.722722
2109  2110  2.524581
2110  2144  2.788783
2111  2130  3.480948
2112  2140  3.921748
2113  2084  1.796760
2114  2094  0.811339
2115  2114  1.893436
2116  2117  2.840154
2117  2118  2.524581
2118  2119  3.471299
2119  2120  2.524581
2120  2131  0.408249
2121  2122  2.840154
2122  2123  2.524581
2123  2124  3.786872
2124  2125  0.946718
2125  2080  3.341711
2126  2104  1.897859
2127  2126  0.315573
2128  2093  0.994708
2129  2107  3.795719
2130  2044  8.502458
2131  2121  2.537832
2132  2103  0.811339
2133  2128  0.827845
2134  2130  0.403114
2135  2112  1.361361
2136  2132  0.644294
2137  2142  2.639055
2138  2137  2.524581
2139  2109  2.722722
2140  2134  2.575546
2141  2128  1.707028
2142  2115  2.691490
2143  2096  2.346558
2144  2145  1.658185
2145  2155  2.439159
2146  2153  3.699309
2147  2132  2.373933
2148  2143  1.423702
2149  2154  1.950605
2150  2148  0.879679
2151  2156  3.508448
2152  2149  1.478325
2153  2138  3.972519
2154  2150  1.751370
2155  2162  2.639238
2156  2146  2.955996
2157  2151  1.960710
2158  2152  1.557357
2159  2165  1.320909
2160  2158  0.678929
2161  2160  0.799490
2162  2163  2.840154
2163  2170  4.087150
2164  2157  1.755483
2165  2166  0.539583
2166  2171  2.084615
2167  2161  1.625138
2168  2079  9.111431
2169  2168  1.361361
2170  2111  7.962018
2171  2173  1.288588
2172  2169  1.015458
2173  2181  1.891109
2174  2147  4.509024
2175  2168  2.955996
2176  2174  1.132627
2177  2179  1.598979
2178  2164  4.373756
2179  2172  1.789649
2180  2177  1.170839
2181  2182  2.380049
2182  2184  1.320724
2183  2176  1.805734
2184  2174  3.630408
2185  2183  1.557357
2186  2185  1.171047
2187  2178  2.610623
2188  2182  1.917211
2189  2186  2.290401
2190  2170  4.775293
2191  2189  0.682460
2192  2193  1.426027
2193  2191  1.216493
2194  2180  4.349970
2195  2194  1.171047
2196  2220  2.785643
2197  2195  0.341111
2198  2192  1.417597
2199  2202  1.911068
2200  2198  1.112070
2201  2196  1.361361
2202  2223  2.448242
2203  2187  5.785338
2204  2208  2.537011
2205  2199  3.806748
2206  2216  1.950605
2207  2197  2.488537
2208  2203  1.286970
2209  2218  1.998460
2210  2184  5.099483
2211  2207  1.168152
2212  2206  0.939329
2213  2211  0.341111
2214  2213  1.425970
2215  2204  1.878658
2216  2200  1.796760
2217  2212  1.168152
2218  2205  1.878658
2219  2201  1.796760
2220  2217  1.680362
2221  2219  1.614843
2222  2214  2.488413
2223  2221  1.168152
2224  2222  0.337868
2225  2224  1.778599
2226  2225  0.827845
2227  2209  3.039016
2228  2227  0.490754
2229  2230  0.954381
2230  2234  2.726030
2231  2228  2.154722
2232  2215  4.373756
2233  2231  2.054770
2234  2218  3.745312
2235  2232  2.691849
2236  2231  1.774989
2237  2235  2.639055
2238  2236  3.631336
2239  2238  1.102034
2240  2239  1.167948
2241  2240  2.885550
2242  2237  4.385352
2243  2242  2.575546
2244  2243  3.114714
2245  2244  2.691490
2246  2245  4.082277
2247  2251  1.808979
2248  2247  0.488505
2249  2248  1.262291
2250  2252  0.830358
2251  2246  1.815979
2252  2249  2.087806
2253  2250  3.204876
2254  2253  1.696817
2255  2254  1.577863
2256  2255  4683.063602
2257  2256  3199.738472
2258  2257  2.639055
2259  2257  3.114714
2260  2258  2.284747
2261  2260  5.377846
2262  2261  2.725793
2263  2262  1.960874
2264  2265  4.536002
2265  2263  1.796760
2266  2264  3.098994
2267  2278  14.937024
2268  2266  3.593521
2269  2268  0.408249
2270  2269  5.157430
2271  2270  2.585428
2272  2271  1.286848
2273  2272  4.034631
2274  2273  1.597676
2275  2298  19.813744
2276  2274  3.979318
2277  2276  3.921584
2278  2277  1.599081
2279  2278  2.842255
2280  2279  3.864130
2281  2280  1.477998
2282  2285  2.956323
2283  2286  3.510690
2284  2283  3.699309
2285  2281  2.956323
2286  2282  3.229986
2287  2284  0.682460
2288  2287  2.524581
2289  2290  2.524581
2290  2294  1.079469
2291  2295  2.269074
2292  2293  2.524581
2293  2296  0.981673
2294  2300  4.227263
2295  2292  2.537897
2296  2297  2.223133
2297  2277  6.271445
2298  2299  2.524581
2299  2319  14.139313
2300  2291  2.956323
2301  2285  5.107247
2302  2303  2.686472
2303  2304  0.682460
2304  2301  4.000209
2305  2304  5.380219
2306  2305  0.518002
2307  2306  3.093898
2308  2313  1.751370
2309  2307  1.075786
2310  2307  2.154722
2311  2314  2.030917
2312  2310  0.509829
2313  2306  4.984444
2314  2312  1.622677
2315  2322  1.883106
2316  2331  1.537660
2317  2311  2.439159
2318  2332  2.552389
2319  2342  3.316371
2320  2338  2.942376
2321  2340  4.484415
2322  2349  2.203630
2323  2337  1.075268
2324  2321  0.408249
2325  2317  1.397394
2326  2318  2.725793
2327  2326  0.315573
2328  2339  4.110106
2329  2325  0.679161
2330  2346  1.960874
2331  2330  1.577863
2332  2331  1.577863
2333  2326  0.250828
2334  2327  1.909978
2335  2334  0.946718
2336  2335  0.631145
2337  2336  1.577863
2338  2323  2.575546
2339  2320  2.043575
2340  2328  0.679161
2341  2324  4.134003
2342  2341  1.262291
2343  2350  2.829926
2344  2347  1.075268
2345  2317  2.385025
2346  2315  2.071666
2347  2352  3.319087
2348  2329  1.206679
2349  2329  1.628222
2350  2345  2.725793
2351  2349  0.599059
2352  2354  4.204103
2353  2346  2.328601
2354  2445  11.715988
2355  2356  2.043575
2356  2353  4.211059
2357  2355  1.477998
2358  2371  1.019030
2359  2391  1.816116
2360  2354  3.408250
2361  2357  0.599593
2362  2358  0.979222
2363  2360  1.597577
2364  2367  3.166337
2365  2359  2.266937
2366  2393  1.797208
2367  2363  1.911068
2368  2378  0.831075
2369  2383  1.219580
2370  2388  0.768830
2371  2394  1.883449
2372  2379  2.575546
2373  2365  1.219976
2374  2366  1.755483
2375  2374  2.209009
2376  2389  1.286848
2377  2373  0.402723
2378  2395  0.607094
2379  2400  1.797290
2380  2379  0.315573
2381  2382  2.209009
2382  2369  0.994708
2383  2385  1.893436
2384  2383  0.000000
2385  2387  2.524581
2386  2385  0.000000
2387  2388  1.893436
2388  2389  1.577863
2389  2408  2.072287
2390  2361  1.538289
2391  2371  1.755483
2392  2373  1.075268
2393  2368  2.154722
2394  2390  1.911068
2395  2377  1.364681
2396  2374  1.425943
2397  2402  1.960874
2398  2397  0.315573
2399  2375  2.047489
2400  2415  2.829926
2401  2381  1.824784
2402  2399  0.679161
2403  2398  3.508539
2404  2405  0.315573
2405  2383  2.143159
2406  2387  2.072287
2407  2406  0.946718
2408  2417  1.904294
2409  2414  2.267079
2410  2406  0.518002
2411  2401  1.391394
2412  2405  1.219580
2413  2398  1.537660
2414  2400  1.317025
2415  2411  1.598979
2416  2417  0.315573
2417  2419  0.979382
2418  2412  1.796760
2419  2429  1.433840
2420  2436  2.047489
2421  2420  0.631145
2422  2424  0.631145
2423  2422  0.315573
2424  2432  2.610623
2425  2399  3.379290
2426  2403  4.316441
2427  2428  2.224140
2428  2418  1.075185
2429  2431  1.075268
2430  2426  2.552704
2431  2435  1.286848
2432  2437  0.678929
2433  2437  0.402723
2434  2450  2.788783
2435  2436  1.262291
2436  2442  1.433840
2437  2444  1.287460
2438  2465  2.142559
2439  2438  3.155727
2440  2433  1.622282
2441  2435  1.075786
2442  2451  0.822940
2443  2454  1.751370
2444  2443  0.946718
2445  2440  1.364681
2446  2429  2.383403
2447  2445  0.250828
2448  2441  0.768830
2449  2447  0.408249
2450  2462  2.537897
2451  2467  0.518630
2452  2451  0.631145
2453  2452  1.577863
2454  2453  0.631145
2455  2444  0.760029
2456  2464  2.537832
2457  2474  2.552389
2458  2469  2.575546
2459  2460  2.840154
2460  2430  2.634051
2461  2466  2.851939
2462  2461  2.524581
2463  2473  0.768830
2464  2457  2.537832
2465  2460  1.288588
2466  2439  2.071666
2467  2476  1.278659
2468  2491  3.501241
2469  2488  2.955996
2470  2454  0.831657
2471  2458  4.173865
2472  2450  1.028460
2473  2485  1.019659
2474  2471  1.361361
2475  2455  1.662732
2476  2497  2.328601
2477  2470  1.027831
2478  2484  0.250828
2479  2485  1.286970
2480  2472  2.722722
2481  2480  2.209009
2482  2475  0.811339
2483  2482  1.893436
2484  2483  1.262291
2485  2484  1.893436
2486  2487  0.631145
2487  2479  1.286970
2488  2489  1.911068
2489  2496  2.691849
2490  2492  1.075268
2491  2693  13.881992
2492  2481  1.397394
2493  2477  1.570324
2494  2482  1.803034
2495  2485  1.325572
2496  2512  3.617958
2497  2511  1.751370
2498  2494  0.994708
2499  2510  0.250200
2500  2499  0.631145
2501  2502  0.946718
2502  2495  0.831075
2503  2502  0.000000
2504  2487  2.056290
2505  2522  2.047489
2506  2505  0.315573
2507  2490  2.023602
2508  2493  1.066775
2509  2498  0.402723
2510  2509  0.315573
2511  2507  0.811339
2512  2551  3.326149
2513  2504  1.067375
2514  2500  2.030917
2515  2513  0.831075
2516  2513  1.477998
2517  2523  0.408249
2518  2508  1.797290
2519  2509  1.797290
2520  2501  2.071666
2521  2516  0.259001
2522  2521  1.893436
2523  2533  1.561704
2524  2518  0.979382
2525  2519  0.250828
2526  2514  1.067375
2527  2520  0.599593
2528  2564  2.385025
2529  2554  1.425943
2530  2527  0.509829
2531  2530  0.408249
2532  2526  1.425943
2533  2542  0.606557
2534  2545  0.606557
2535  2525  1.569709
2536  2537  0.946718
2537  2531  0.599593
2538  2535  0.682221
2539  2541  1.577863
2540  2539  0.000000
2541  2536  1.288588
2542  2543  0.946718
2543  2569  1.019659
2544  2533  0.606557
2545  2544  0.315573
2546  2547  0.315573
2547  2563  0.509829
2548  2549  2.840154
2549  2550  2.524581
2550  2551  2.524581
2551  2552  0.315573
2552  2560  4.425603
2553  2564  1.361361
2554  2561  4.110612
2555  2567  0.831075
2556  2524  2.142559
2557  2537  0.811339
2558  2539  0.679161
2559  2545  0.679161
2560  2591  3.012392
2561  2565  0.403114
2562  2556  2.224140
2563  2578  1.538289
2564  2595  4.433993
2565  2555  2.267079
2566  2541  0.823521
2567  2562  2.267079
2568  2566  0.408249
2569  2573  0.981507
2570  2579  1.028460
2571  2535  1.662150
2572  2573  1.262291
2573  2558  1.075185
2574  2569  1.075786
2575  2576  0.315573
2576  2592  0.811339
2577  2578  0.631145
2578  2590  0.678929
2579  2598  1.019030
2580  2579  0.000000
2581  2579  0.000000
2582  2607  1.788489
2583  2582  0.000000
2584  2585  0.315573
2585  2610  2.047489
2586  2611  2.047489
2587  2568  1.317025
2588  2573  1.067375
2589  2574  0.979222
2590  2575  0.402723
2591  2553  3.909144
2592  2589  1.288715
2593  2532  3.341085
2594  2577  0.987921
2595  2596  1.262291
2596  2554  3.579298
2597  2590  0.831075
2598  2594  0.981507
2599  2604  0.981673
2600  2606  0.408648
2601  2600  0.315573
2602  2593  1.883449
2603  2588  1.538289
2604  2605  0.946718
2605  2598  0.769459
2606  2605  0.946718
2607  2601  0.981673
2608  2613  1.598979
2609  2607  0.259001
2610  2626  1.983106
2611  2626  1.798780
2612  2643  2.047489
2613  2627  1.529488
2614  2603  0.509829
2615  2621  1.755207
2616  2599  1.219976
2617  2614  0.259001
2618  2604  1.027831
2619  2673  4.638036
2620  2616  0.768830
2621  2630  0.831075
2622  2606  1.278659
2623  2625  0.403114
2624  2615  1.075185
2625  2595  3.379765
2626  2633  0.259001
2627  2666  2.030829
2628  2656  2.726030
2629  2624  0.599593
2630  2631  0.315573
2631  2620  0.831075
2632  2637  0.981507
2633  2640  0.682221
2634  2661  1.425943
2635  2631  0.981507
2636  2635  0.315573
2637  2650  0.250828
2638  2637  0.000000
2639  2654  0.811339
2640  2651  0.250828
2641  2640  0.315573
2642  2641  0.000000
2643  2655  1.075268
2644  2643  0.000000
2645  2666  2.030917
2646  2622  1.317025
2647  2648  0.315573
2648  2653  0.981507
2649  2646  0.000000
2650  2647  0.315573
2651  2665  1.027831
2652  2641  0.250828
2653  2646  0.408249
2654  2658  0.259629
2655  2659  0.981673
2656  2657  0.631145
2657  2629  1.883449
2658  2660  0.678929
2659  2652  0.816898
2660  2676  1.028460
2661  2685  1.075786
2662  2630  1.537660
2663  2646  1.627825
2664  2650  1.027831
2665  2677  1.219976
2666  2683  1.219976
2667  2655  1.028460
2668  2667  0.946718
2669  2687  1.361361
2670  2662  0.599593
2671  2708  0.599593
2672  2669  1.286848
2673  2694  0.678929
2674  2664  0.831657
2675  2707  0.402723
2676  2675  0.946718
2677  2671  0.408648
2678  2665  0.831657
2679  2667  0.509829
2680  2668  0.509829
2681  2717  0.509201
2682  2681  0.000000
2683  2731  1.528859
2684  2683  0.946718
2685  2684  1.577863
2686  2685  0.000000
2687  2685  0.315573
2688  2672  0.259629
2689  2688  0.000000
2690  2718  0.509201
2691  2690  0.000000
2692  2736  1.788489
2693  2790  4.202990
2694  2732  2.691849
2695  2625  2.833945
2696  2695  1.893436
2697  2696  3.155727
2698  2697  2.524581
2699  2748  4.030153
2700  2699  3.155727
2701  2702  2.209009
2702  2628  2.557319
2703  2657  1.561088
2704  2663  1.067375
2705  2674  0.678929
2706  2705  0.315573
2707  2674  0.979222
2708  2709  0.315573
2709  2676  0.402723
2710  2678  0.402723
2711  2679  0.250200
2712  2722  0.816898
2713  2828  7.899891
2714  2704  0.408249
2715  2707  0.259001
2716  2680  0.509201
2717  2738  1.570324
2718  2744  1.538289
2719  2698  2.577303
2720  2700  1.079469
2721  2725  1.075268
2722  2716  0.408648
2723  2714  0.811339
2724  2719  1.361361
2725  2670  1.662732
2726  2727  0.315573
2727  2715  0.995194
2728  2710  1.075786
2729  2706  1.317025
2730  2726  0.402723
2731  2735  0.259629
2732  2695  4.977269
2733  2729  0.682460
2734  2730  0.408648
2735  2757  0.768830
2736  2746  0.682221
2737  2751  0.678929
2738  2737  0.946718
2739  2735  0.682221
2740  2770  1.788489
2741  2740  0.000000
2742  2758  0.599593
2743  2742  0.000000
2744  2763  1.755207
2745  2744  0.000000
2746  2782  2.142559
2747  2746  1.893436
2748  2724  2.432723
2749  2734  0.599059
2750  2730  1.219580
2751  2766  1.397857
2752  2742  0.678929
2753  2698  2.328601
2754  2760  0.682221
2755  2761  0.408249
2756  2762  0.682221
2757  2756  0.315573
2758  2779  1.569709
2759  2747  0.811339
2760  2750  0.816898
2761  2765  0.509829
2762  2738  1.477998
2763  2752  0.607094
2764  2833  4.864438
2765  2767  0.981507
2766  2768  0.509829
2767  2754  1.206143
2768  2793  1.075268
2769  2775  0.408249
2770  2778  0.259001
2771  2744  1.788489
2772  2791  0.259001
2773  2772  0.315573
2774  2753  2.955996
2775  2799  0.994708
2776  2775  0.000000
2777  2804  1.590989
2778  2777  1.577863
2779  2802  1.199186
2780  2771  0.259001
2781  2780  0.000000
2782  2798  1.597676
2783  2782  0.000000
2784  2782  0.000000
2785  2759  1.569709
2786  2785  0.315573
2787  2810  2.048118
2788  2787  0.000000
2789  2787  0.000000
2790  2811  2.405861
2791  2790  1.262291
2792  2767  0.988405
2793  2765  1.199186
2794  2775  0.403114
2795  2794  0.000000
2796  2762  1.529488
2797  2796  0.315573
2798  2780  0.979382
2799  2797  0.816499
2800  2673  8.371200
2801  2778  1.067375
2802  2807  0.994708
2803  2796  1.206143
2804  2803  0.315573
2805  2801  1.598979
2806  2805  0.631145
2807  2806  0.811339
2808  2817  1.019030
2809  2786  2.048118
2810  2838  2.047489
2811  2810  2.524581
2812  2801  1.325572
2813  2807  0.607094
2814  2816  2.536949
2815  2804  1.662732
2816  2753  5.251454
2817  2857  1.325572
2818  2831  0.831657
2819  2822  0.682221
2820  2845  0.768830
2821  2820  2.524581
2822  2855  1.755207
2823  2825  0.946718
2824  2858  0.994708
2825  2809  1.537660
2826  2811  1.537660
2827  2833  2.223204
2828  2847  1.414963
2829  2851  1.963014
2830  2813  1.529488
2831  2840  2.224140
2832  2818  2.339185
2833  2842  0.408249
2834  2844  0.259001
2835  2812  1.816116
2836  2835  0.631145
2837  2825  0.509829
2838  2859  1.911068
2839  2838  0.000000
2840  2826  0.599593
2841  2832  0.259001
2842  2841  2.524581
2843  2827  0.811339
2844  2843  1.893436
2845  2844  2.524581
2846  2883  4.170901
2847  2846  0.473359
2848  2828  1.414963
2849  2848  1.262291
2850  2849  1.420077
2851  2852  0.946718
2852  2853  1.893436
2853  2792  4.115895
2854  2822  0.994708
2855  2862  1.286970
2856  2836  0.408249
2857  2865  0.760658
2858  2823  1.219580
2859  2863  0.679161
2860  2748  6.594282
2861  2868  2.436423
2862  2815  1.816116
2863  2837  0.509829
2864  2830  1.590989
2865  2864  1.577863
2866  2863  0.994708
2867  2841  1.278659
2868  2860  1.206143
2869  2838  1.537660
2870  2864  0.994708
2871  2851  1.816116
2872  2831  2.565491
2873  2865  1.569709
2874  2842  2.557319
2875  2883  2.634880
2876  2874  2.639055
2877  2886  1.477998
2878  2877  0.315573
2879  2876  0.599593
2880  2881  2.524581
2881  2874  1.537660
2882  2879  2.224140
2883  2892  2.235038
2884  2873  3.098994
2885  2878  0.831075
2886  2872  2.256338
2887  2884  2.536949
2888  2886  1.075268
2889  2882  0.769459
2890  2900  2.516478
2891  2893  1.361361
2892  2895  1.015458
2893  2938  2.391284
2894  2902  11.889640
2895  2899  1.305095
2896  2890  2.312983
2897  2941  1.569709
2898  2887  2.566120
2899  2928  2.214874
2900  2930  1.191701
2901  2934  2.081597
2902  2901  0.798207
2903  2880  3.326777
2904  2903  2.524581
2905  2919  2.267079
2906  2896  1.196052
2907  2894  2.754021
2908  2915  0.490754
2909  2958  1.796760
2910  2904  2.537832
2911  2922  0.811339
2912  2906  1.288588
2913  2912  1.262291
2914  2932  1.414963
2915  2907  2.055306
2916  2913  1.268916
2917  2946  2.268930
2918  2948  0.518002
2919  2911  2.537011
2920  2916  1.286970
2921  2919  0.259001
2922  2923  1.893436
2923  2970  3.341085
2924  2931  1.740474
2925  2933  1.112070
2926  2925  1.420077
2927  2923  2.527901
2928  2927  1.420077
2929  2899  1.311072
2930  2929  0.631145
2931  2920  1.288588
2932  2924  0.799490
2933  2914  1.557357
2934  2926  1.112070
2935  2908  1.219580
2936  2951  1.909978
2937  2952  2.851209
2938  2940  1.893436
2939  2955  0.979382
2940  2939  0.631145
2941  2942  2.840154
2942  2909  0.994708
2943  2956  2.223204
2944  2945  0.631145
2945  2917  2.268930
2946  2898  1.317025
2947  2946  1.577863
2948  2947  1.262291
2949  2950  2.209009
2950  2903  1.627825
2951  2937  2.851209
2952  2957  1.598979
2953  2961  1.963180
2954  2938  2.537011
2955  2941  1.286970
2956  2944  0.403114
2957  2959  3.166389
2958  2943  0.811339
2959  2966  1.878317
2960  2971  3.379290
2961  2978  5.390281
2962  2945  1.067375
2963  2950  1.878658
2964  2910  2.047489
2965  2964  1.909978
2966  2967  2.885550
2967  2960  3.225505
2968  2964  2.830210
2969  2968  2.575422
2970  2973  2.851996
2971  2972  2.524581
2972  2980  2.691490
2973  2986  3.593521
2974  2942  3.576977
2975  2977  1.549679
2976  2988  3.098629
2977  2970  2.620001
2978  2984  2.154423
2979  3014  3.801471
2980  2982  1.960874
2981  2977  0.658513
2982  3002  3.011965
2983  2993  2.150536
2984  2987  1.075268
2985  2981  1.414963
2986  2969  3.782685
2987  3020  5.262047
2988  2994  1.361361
2989  2990  0.644294
2990  2999  1.299483
2991  3006  1.296203
2992  3000  1.015458
2993  2953  7.438229
2994  3021  2.842255
2995  3016  1.538289
2996  2991  1.268916
2997  2996  0.539583
2998  3001  0.204125
2999  3032  1.804202
3000  3023  1.502459
3001  2985  1.989416
3002  2983  3.904947
3003  2997  1.361361
3004  3005  0.631145
3005  2998  1.171047
3006  3004  0.631145
3007  3023  1.188981
3008  3011  1.132488
3009  3008  1.262291
3010  3015  0.259629
3011  3007  0.875549
3012  3009  0.827655
3013  3012  0.631145
3014  3015  2.209009
3015  3016  1.893436
3016  3022  1.909895
3017  3018  2.209009
3018  2986  2.307119
3019  3031  1.414963
3020  2954  8.570835
3021  3014  2.536949
3022  3033  0.831075
3023  3030  0.612773
3024  3012  0.533688
3025  3032  1.320909
3026  3020  0.981507
3027  3003  1.288358
3028  3024  0.830358
3029  3027  0.341350
3030  3043  0.912082
3031  3027  1.134609
3032  3049  1.924468
3033  3041  1.660912
3034  3025  1.219976
3035  3008  1.666475
3036  2935  12.844863
3037  3038  3.786872
3038  3017  1.796760
3039  3034  0.981507
3040  3036  0.303279
3041  3037  0.408249
3042  3029  1.954348
3043  3039  0.490754
3044  3035  0.810944
3045  3018  3.093898
3046  3040  1.361361
3047  3028  2.295904
3048  3042  1.189451
3049  3048  1.443503
3050  3045  2.725793
3051  3047  1.849655
3052  3051  0.644294
3053  3047  1.219580
3054  3046  1.826796
3055  3054  1.268916
3056  3052  1.020257
3057  3053  1.075268
3058  3048  2.700962
3059  3038  3.681429
3060  3061  1.320909
3061  3057  2.203630
3062  3055  2.196276
3063  3058  1.418560
3064  3066  1.508822
3065  3063  1.276194
3066  3067  0.315573
3067  3061  1.910913
3068  3067  1.557357
3069  3062  2.736362
3070  3068  1.477998
3071  3070  1.262291
3072  3071  1.020257
3073  3074  2.524581
3074  3081  1.361361
3075  3059  4.054985
3076  3075  2.840154
3077  3069  1.345745
3078  3076  0.981507
3079  3078  3.155727
3080  3079  3.155727
3081  3075  3.508539
3082  3072  0.952147
3083  3088  2.084615
3084  3086  1.320724
3085  3076  2.886174
3086  3082  2.584930
3087  3084  1.614843
3088  3087  1.268916
3089  3085  1.219580
3090  3088  2.498546
3091  3090  2.336100
3092  3102  3.204876
3093  3026  15.650398
3094  3089  5.173922
3095  3091  2.795076
3096  3097  0.204125
3097  3110  4.759933
3098  3096  1.544590
3099  3095  1.707028
3100  3105  3.455651
3101  3099  1.268916
3102  3101  1.268916
3103  3107  2.820236
3104  3103  1.954637
3105  3104  0.678929
3106  3109  1.361361
3107  3102  3.508650
3108  3105  2.091626
3109  3098  3.722903
3110  3111  1.803034
3111  3112  0.338093
3112  3113  1.831948
3113  3115  1.168152
3114  3117  1.318162
3115  3116  1.262291
3116  3114  1.441950
3117  3119  1.508822
3118  3120  2.223133
3119  3118  1.132488
3120  3125  0.830554
3121  3122  1.262291
3122  3139  1.401173
3123  3132  1.079469
3124  3131  1.023571
3125  3128  1.740474
3126  3121  1.754961
3127  3129  1.268916
3128  3134  0.875549
3129  3130  0.631145
3130  3136  1.142374
3131  3126  2.537832
3132  3133  0.473359
3133  3107  5.025548
3134  3138  1.171047
3135  3118  1.288358
3136  3140  1.597577
3137  3133  2.421083
3138  3142  1.075268
3139  3127  2.384684
3140  3123  2.417123
3141  3137  1.361361
3142  3124  2.093550
3143  3141  0.204125
3144  3125  1.816116
3145  3143  1.318343
3146  3148  1.268916
3147  3146  1.577863
3148  3145  1.288588
3149  3147  1.075268
3150  3149  1.262291
3151  3144  2.093088
3152  3131  4.449029
3153  3151  5.145944
3154  3153  3.895071
3155  3154  3.772465
3156  3155  0.490754
3157  3156  0.981673
3158  3157  2267.706122
3159  3158  2447.677691
3160  3159  812.227775
3161  3160  2754.258941
3162  3163  5.364735
3163  3161  4.740705
3164  3161  0.682460
3165  3162  3.835978
3166  3173  3.640900
3167  3165  2.436688
3168  3169  2.552389
3169  3171  2.942376
3170  3172  2.639055
3171  3192  1.278659
3172  3194  0.768830
3173  3177  2.537011
3174  3193  0.816499
3175  3170  2.722722
3176  3173  0.403114
3177  3186  0.259001
3178  3179  2.209009
3179  3180  2.209009
3180  3199  1.904887
3181  3199  3.098994
3182  3167  4.373756
3183  3182  1.262291
3184  3204  2.391891
3185  3184  1.893436
3186  3187  2.209009
3187  3188  0.946718
3188  3189  3.155727
3189  3190  1.577863
3190  3201  2.142559
3191  3202  2.405325
3192  3174  1.660716
3193  3197  2.829926
3194  3195  2.209009
3195  3178  0.259001
3196  3170  2.307119
3197  3175  1.824165
3198  3179  1.569709
3199  3219  4.175737
3200  3183  2.405325
3201  3207  2.030917
3202  3211  1.570324
3203  3202  1.262291
3204  3200  1.599081
3205  3204  1.657992
3206  3209  0.981673
3207  3211  1.911153
3208  3222  2.071666
3209  3212  1.658185
3210  3206  0.682460
3211  3215  1.075268
3212  3208  2.885550
3213  3210  0.599593
3214  3224  2.405325
3215  3223  1.824165
3216  3227  2.071666
3217  3212  0.259001
3218  3205  1.896585
3219  3229  2.951753
3220  3218  2.269074
3221  3213  1.796760
3222  3220  2.267079
3223  3225  0.403114
3224  3213  2.584930
3225  3239  2.405325
3226  3227  1.577863
3227  3241  2.047489
3228  3224  0.408249
3229  3231  2.851939
3230  3224  1.960874
3231  3234  1.658185
3232  3218  3.659135
3233  3235  0.995194
3234  3251  1.287460
3235  3238  1.909895
3236  3237  0.315573
3237  3248  2.224214
3238  3230  1.662150
3239  3233  1.878658
3240  3265  2.048118
3241  3240  0.315573
3242  3243  0.631145
3243  3260  2.031385
3244  3245  2.524581
3245  3249  1.911068
3246  3256  2.722487
3247  3236  0.259629
3248  3228  2.072287
3249  3229  2.080364
3250  3251  1.577863
3251  3253  2.223133
3252  3232  3.361060
3253  3232  2.255768
3254  3252  0.678929
3255  3238  0.831075
3256  3247  2.722487
3257  3235  1.654012
3258  3269  0.769459
3259  3244  3.114714
3260  3269  0.979382
3261  3255  1.426507
3262  3257  0.831657
3263  3257  2.043812
3264  3263  0.315573
3265  3279  1.824165
3266  3268  0.315573
3267  3260  0.679161
3268  3267  0.946718
3269  3275  1.075185
3270  3271  0.631145
3271  3272  0.315573
3272  3277  1.317025
3273  3288  2.047489
3274  3270  0.518002
3275  3284  1.019659
3276  3261  1.590989
3277  3287  1.219580
3278  3281  1.597676
3279  3282  0.403114
3280  3262  2.071666
3281  3264  2.071666
3282  3278  0.979382
3283  3279  2.223204
3284  3285  0.631145
3285  3286  0.946718
3286  3287  1.262291
3287  3293  1.075185
3288  3295  1.805734
3289  3297  1.824784
3290  3309  2.047489
3291  3281  0.259001
3292  3282  0.768830
3293  3303  1.067375
3294  3283  1.278659
3295  3305  1.075268
3296  3317  1.019030
3297  3306  0.402723
3298  3280  2.142559
3299  3296  0.979222
3300  3320  1.425943
3301  3299  0.315573
3302  3300  0.000000
3303  3300  0.946718
3304  3303  0.946718
3305  3315  1.364681
3306  3295  0.811339
3307  3297  0.402723
3308  3307  0.000000
3309  3319  1.397857
3310  3332  2.047489
3311  3333  2.142559
3312  3292  1.537660
3313  3294  1.027831
3314  3313  0.259629
3315  3304  0.816898
3316  3307  0.816898
3317  3314  1.597577
3318  3317  0.981673
3319  3316  1.075268
3320  3349  1.206679
3321  3315  1.317025
3322  3353  0.599593
3323  3320  0.994708
3324  3323  0.000000
3325  3350  0.682460
3326  3321  0.250200
3327  3329  0.315573
3328  3319  1.198652
3329  3356  0.607094
3330  3328  0.315573
3331  3330  0.315573
3332  3364  1.538289
3333  3365  1.538289
3334  3367  1.797290
3335  3373  2.048118
3336  3337  2.524581
3337  3338  2.524581
3338  3354  2.537832
3339  3340  1.577863
3340  3341  2.209009
3341  3342  3.786872
3342  3343  2.524581
3343  3298  2.391891
3344  3345  2.524581
3345  3312  2.048118
3346  3314  1.788489
3347  3318  1.278659
3348  3347  0.000000
3349  3347  0.631145
3350  3323  0.408648
3351  3326  0.259629
3352  3327  0.259629
3353  3352  0.946718
3354  3339  2.537832
3355  3352  0.259001
3356  3357  0.509829
3357  3359  0.259001
3358  3351  1.397394
3359  3368  0.988405
3360  3361  0.315573
3361  3331  1.325572
3362  3353  1.317025
3363  3366  0.682221
3364  3363  0.315573
3365  3380  0.768830
3366  3360  0.811339
3367  3372  0.250828
3368  3377  1.288588
3369  3361  0.760658
3370  3364  0.811339
3371  3380  0.682221
3372  3371  1.893436
3373  3392  1.537660
3374  3401  2.047489
3375  3374  0.000000
3376  3359  1.199186
3377  3378  0.315573
3378  3369  0.682221
3379  3380  0.631145
3380  3388  1.028460
3381  3377  0.259001
3382  3366  0.831075
3383  3358  1.529488
3384  3382  0.679161
3385  3382  0.509829
3386  3384  0.682221
3387  3386  0.408648
3388  3391  0.979222
3389  3404  1.751370
3390  3381  1.067375
3391  3394  0.408249
3392  3400  0.509829
3393  3390  0.408249
3394  3387  0.599059
3395  3388  0.599059
3396  3413  1.658185
3397  3389  0.810944
3398  3412  0.408249
3399  3398  0.000000
3400  3396  0.679161
3401  3418  0.768830
3402  3401  0.000000
3403  3397  0.403114
3404  3420  1.028460
3405  3421  1.075786
3406  3407  1.262291
3407  3376  2.071666
3408  3393  0.509829
3409  3385  1.278659
3410  3394  0.599593
3411  3395  0.509829
3412  3416  0.599593
3413  3398  0.408249
3414  3408  0.259629
3415  3412  0.408648
3416  3427  1.628222
3417  3415  0.402723
3418  3428  1.028460
3419  3429  1.755207
3420  3419  0.946718
3421  3431  0.768830
3422  3409  1.075786
3423  3420  0.259001
3424  3432  0.599593
3425  3422  0.509829
3426  3425  0.631145
3427  3411  1.570324
3428  3440  0.250200
3429  3441  0.250200
3430  3442  0.979222
3431  3430  1.577863
3432  3444  0.402723
3433  3414  1.561088
3434  3426  1.286848
3435  3434  0.000000
3436  3417  1.317025
3437  3452  0.981673
3438  3437  0.315573
3439  3438  0.631145
3440  3453  0.607094
3441  3455  1.206679
3442  3423  0.760029
3443  3431  0.402723
3444  3456  1.028460
3445  3466  1.824784
3446  3445  0.000000
3447  3445  2.209009
3448  3447  0.315573
3449  3448  2.209009
3450  3449  2.524581
3451  3436  0.981673
3452  3436  0.682460
3453  3461  1.067375
3454  3438  1.028460
3455  3464  0.994708
3456  3460  1.598979
3457  3433  1.598070
3458  3439  1.803034
3459  3442  1.287460
3460  3443  1.433840
3461  3458  0.679161
3462  3454  0.768830
3463  3461  0.408249
3464  3463  2.209009
3465  3456  0.768830
3466  3465  2.524581
3467  3447  1.797290
3468  3467  0.946718
3469  3470  0.315573
3470  3450  1.797290
3471  3479  0.408249
3472  3492  1.075268
3473  3474  3.471299
3474  3526  4.701736
3475  3484  1.909978
3476  3464  0.259001
3477  3459  0.768830
3478  3460  1.219580
3479  3501  2.385025
3480  3481  2.524581
3481  3482  2.524581
3482  3457  2.150536
3483  3457  1.199186
3484  3483  0.946718
3485  3475  0.679161
3486  3487  0.631145
3487  3451  2.255768
3488  3462  1.075268
3489  3490  0.315573
3490  3463  0.599593
3491  3490  0.000000
3492  3479  0.679161
3493  3476  0.509829
3494  3466  0.831075
3495  3468  0.831075
3496  3472  1.219580
3497  3493  0.250828
3498  3467  1.019659
3499  3495  1.361361
3500  3496  1.019659
3501  3532  2.886787
3502  3487  2.196276
3503  3490  1.904887
3504  3477  2.048118
3505  3499  1.278659
3506  3513  1.878317
3507  3498  1.797290
3508  3504  1.019030
3509  3522  1.317636
3510  3519  1.878658
3511  3515  0.509829
3512  3518  1.219580
3513  3508  1.075268
3514  3530  0.768830
3515  3517  0.259001
3516  3505  1.797290
3517  3516  2.524581
3518  3533  0.599593
3519  3520  1.262291
3520  3513  0.995194
3521  3529  0.682221
3522  3535  0.831075
3523  3507  1.788489
3524  3516  0.250828
3525  3532  2.224140
3526  3543  5.530112
3527  3526  0.631145
3528  3527  3.155727
3529  3513  1.883449
3530  3522  2.224140
3531  3524  0.259001
3532  3536  0.831075
3533  3537  2.552389
3534  3503  3.779830
3535  3521  2.043575
3536  3517  2.829926
3537  3538  0.599593
3538  3542  2.829926
3539  3530  2.557319
3540  3525  2.816319
3541  3536  3.250496
3542  3545  2.537832
3543  3538  2.829926
3544  3528  3.907784
3545  3540  2.639055
3546  3544  1.280626
3547  3546  1.262291
3548  3547  1.262291
3549  3556  2.224140
3550  3551  2.524581
3551  3552  2.524581
3552  3558  2.154722
3553  3534  3.557618
3554  3553  2.524581
3555  3554  0.315573
3556  3550  2.851939
3557  3555  2.851939
3558  3553  3.319087
3559  3557  3.555557
3560  3559  1.361361
3561  3562  2.575546
3562  3560  2.955996
3563  3564  2.537832
3564  3561  3.017645
3565  3563  2.725793
3566  3565  2.524581
3567  3572  3.114714
3568  3567  2.885550
3569  3566  2.436688
3570  3569  3.165630
3571  3570  2.209009
3572  3571  2.209009
3573  3568  2.552389
3574  3573  7.573950
3575  3574  0.198658
3576  3575  1.598979
3577  3574  1.878317
3578  3576  2.043812
3579  3578  0.736557
3580  3579  2.055346
3581  3580  0.341111
3582  3581  1.216493
3583  3582  1.361126
3584  3583  1.712965
3585  3586  4.733590
3586  3587  1.262291
3587  3588  2.840154
3588  3577  3.612002
3589  3595  1.898310
3590  3597  1.956801
3591  3585  0.403114
3592  3589  1.023332
3593  3608  2.599739
3594  3599  1.414963
3595  3584  1.622677
3596  3593  1.776831
3597  3594  1.960710
3598  3596  0.830358
3599  3592  1.424099
3600  3598  1.470125
3601  3590  1.696765
3602  3600  1.960874
3603  3609  2.338978
3604  3601  2.421083
3605  3602  0.341111
3606  3603  1.425970
3607  3604  0.204125
3608  3607  1.320909
3609  3605  1.414963
3610  3606  1.477998
3611  3610  0.157786
3612  3613  4.917809
3613  3611  1.414963
3614  3595  4.509024
3615  3614  1.015458
3616  3637  10.955418
3617  3616  0.741462
3618  3630  3.229986
3619  3626  1.171047
3620  3619  0.955619
3621  3620  2.840154
3622  3615  10.539676
3623  3627  1.911068
3624  3623  1.104504
3625  3628  1.443503
3626  3629  1.658185
3627  3622  0.539583
3628  3624  0.682221
3629  3625  1.557357
3630  3632  1.219580
3631  3621  2.194226
3632  3640  6.164670
3633  3631  1.815668
3634  3633  1.470125
3635  3634  1.112070
3636  3639  3.593521
3637  3635  1.883449
3638  3618  6.882472
3639  3643  2.604571
3640  3644  3.356362
3641  3642  0.539583
3642  3648  2.619663
3643  3645  2.851939
3644  3647  0.682221
3645  3646  1.262291
3646  3638  5.239326
3647  3652  2.552389
3648  3649  0.875821
3649  3650  1.893436
3650  3651  0.501007
3651  3653  1.614843
3652  3641  5.239326
3653  3654  2.150536
3654  3656  1.318162
3655  3658  0.535415
3656  3657  1.420077
3657  3659  1.288715
3658  3665  3.101893
3659  3660  0.612374
3660  3661  2.236044
3661  3662  0.341111
3662  3663  1.216493
3663  3664  1.740474
3664  3655  2.895506
3665  3667  0.341111
3666  3670  0.939329
3667  3666  1.740474
3668  3669  2.055306
3669  3637  10.837216
3670  3672  1.418961
3671  3675  0.535709
3672  3673  1.420077
3673  3668  1.549679
3674  3683  2.962842
3675  3681  3.288895
3676  3669  2.592371
3677  3676  0.539583
3678  3677  0.946718
3679  3678  2.224214
3680  3679  1.318162
3681  3701  5.608956
3682  3680  1.075268
3683  3681  0.678929
3684  3682  0.682460
3685  3696  2.194226
3686  3695  3.293311
3687  3699  2.968564
3688  3684  1.318162
3689  3703  3.760128
3690  3688  2.243021
3691  3689  1.023571
3692  3690  0.490754
3693  3686  1.815668
3694  3692  1.442059
3695  3685  2.643282
3696  3691  2.284747
3697  3693  3.507126
3698  3683  3.288895
3699  3697  1.414963
3700  3694  2.195761
3701  3700  1.262291
3702  3698  2.284747
3703  3702  0.682460
3704  3695  3.743621
3705  3704  0.341111
3706  3705  3.944658
3707  3699  4.477824
3708  3706  1.424099
3709  3707  0.879679
